1.000000000000003057e-03 2.044327950360095869e+01
1.028707281108214196e-03 4.377750984220463715e-01
1.058238670205049851e-03 4.181693633193547810e-01
1.088617825190205720e-03 4.269515170636640766e-01
1.119869083117349057e-03 4.351829649930628596e-01
1.152017479690793135e-03 4.441252389899028596e-01
1.185088769321848354e-03 4.523595837216237148e-01
1.219109445760954312e-03 4.618646897442052479e-01
1.254106763322088104e-03 4.694881057939966351e-01
1.290108758716483834e-03 4.789482241567431520e-01
1.327144273513122894e-03 4.878484615278760872e-01
1.365242977244015112e-03 4.967492473615536808e-01
1.404435391172770059e-03 5.058049025211355243e-01
1.444752912745485415e-03 5.156648291878057622e-01
1.486227840743576658e-03 5.259628919342215214e-01
1.528893401158650271e-03 5.357100110397667869e-01
1.572783773810200502e-03 5.457460546095543874e-01
1.617934119727402814e-03 5.554812130156419059e-01
1.664380609316981445e-03 5.665535146060249883e-01
1.712160451339699452e-03 5.776023989277088155e-01
1.761311922718667745e-03 5.882255164460228336e-01
1.811874399203396028e-03 6.005192297028083548e-01
1.863888386914096858e-03 6.102370982277132150e-01
1.917395554791569796e-03 6.224431209090803829e-01
1.972438767978603423e-03 6.342765411814217380e-01
2.029062122159698469e-03 6.475308319625199260e-01
2.087310978886560125e-03 6.614125903214040925e-01
2.147232001917709267e-03 6.756325265845778416e-01
2.208873194601307377e-03 6.883859810909899180e-01
2.272283938331116741e-03 7.026817479586096038e-01
2.337515032106460798e-03 7.159597621060782568e-01
2.404618733227807323e-03 7.308030485999498227e-01
2.473648799160647980e-03 7.464438314427378485e-01
2.544660530601138785e-03 7.613279991349740650e-01
2.617710815778074955e-03 7.765269345751872887e-01
2.692858176026620160e-03 7.910662726115886834e-01
2.770162812670357716e-03 8.037042726344061361e-01
2.849686655249198362e-03 8.175146087293372332e-01
2.931493411131751332e-03 8.295071482853662026e-01
3.015648616551978856e-03 8.401374366498832735e-01
3.102219689110920480e-03 8.523394859303463633e-01
3.191275981785654872e-03 8.611821649401351086e-01
3.282888838488653808e-03 8.675572418015727871e-01
3.377131651222155858e-03 8.750605795134062115e-01
3.474079918873227216e-03 8.830564319224317726e-01
3.573811307696707611e-03 8.912126141640442922e-01
3.676405713534460027e-03 8.993264094512873896e-01
3.781945325820722931e-03 9.055819811912237949e-01
3.890514693424942765e-03 9.147981416403588861e-01
4.002200792384713428e-03 9.262344477232881124e-01
4.117093095583206769e-03 9.376870460438627708e-01
4.235283644426783914e-03 9.493006768401159867e-01
4.356867122580351630e-03 9.609407395987185074e-01
4.481940931819387505e-03 9.742731741989514305e-01
4.610605270059519277e-03 9.875577621908230297e-01
4.742963211626117018e-03 1.002161399591302793e+00
4.879120789828165355e-03 1.015497349719805431e+00
5.019187081902678690e-03 1.030098924080410372e+00
5.163274296397559956e-03 1.044798621223942625e+00
5.311497863063039532e-03 1.061473651465376422e+00
5.463976525323646291e-03 1.078439334362158775e+00
5.620832435404778289e-03 1.095061286348128604e+00
5.782191252190093354e-03 1.111814512626804641e+00
5.948182241888146440e-03 1.129396072891113878e+00
6.118938381588897614e-03 1.148639681595240436e+00
6.294596465792985304e-03 1.165002270019090957e+00
6.475297215999255458e-03 1.180060475618731397e+00
6.661185393438162280e-03 1.198929179100011178e+00
6.852409915041493375e-03 1.219965113166799675e+00
7.049123972741273836e-03 1.239560316481554958e+00
7.251485156193386572e-03 1.261737483231574863e+00
7.459655579024249486e-03 1.286760827925915285e+00
7.673802008701724638e-03 1.311011509273501296e+00
7.894096000134279492e-03 1.334711220621187744e+00
8.120714033105328605e-03 1.355075419826887950e+00
8.353837653653077219e-03 1.373410297009373782e+00
8.593653619508853647e-03 1.392396261944830682e+00
8.840354049710679937e-03 1.413962934851749287e+00
9.094136578511826177e-03 1.437831240536334709e+00
9.355204513707629163e-03 1.461858575468985011e+00
9.623766999507437497e-03 1.486245312817468633e+00
9.900039184082210647e-03 1.509291658180199835e+00
1.018424239192196323e-02 1.528464449630199340e+00
1.047660430114102058e-02 1.541458877682894357e+00
1.077735912587336232e-02 1.548571823008589421e+00
1.108674780390394611e-02 1.559487232042344296e+00
1.140501818968644998e-02 1.575337961756144045e+00
1.173242525290203210e-02 1.591098554645133278e+00
1.206923128271815762e-02 1.603461340140891700e+00
1.241570609791115519e-02 1.564055669226798395e+00
1.277212726302081984e-02 1.493266081065370399e+00
1.313878031071019636e-02 1.285356459358775183e+00
1.351595897050877557e-02 1.195892544623951670e+00
1.390396540412220869e-02 1.136423527386197119e+00
1.430311044749717729e-02 1.133291348261246112e+00
1.471371385983526008e-02 1.145155392781833203e+00
1.513610457975532279e-02 1.204887458235729847e+00
1.557062098880962996e-02 1.302008605244174166e+00
1.601761118256479072e-02 1.575207586620576583e+00
1.647743324946470203e-02 1.684744851575471936e+00
1.695045555769885554e-02 1.667859710941587137e+00
1.743705705030594577e-02 1.637266947324069077e+00
1.793762754874898141e-02 1.600030438345323880e+00
1.845256806520529855e-02 1.548256404902520700e+00
1.898229112382153125e-02 1.471556879198125500e+00
1.952722109119096536e-02 1.304625534494922912e+00
2.008779451631795970e-02 7.646652603880241816e-01
2.066446048034187646e-02 7.712725339486932175e-01
2.125768095630055712e-02 7.810232571276812807e-01
2.186793117922172791e-02 7.941195775420480940e-01
2.249570002683864631e-02 8.074093200893484035e-01
2.314149041123508138e-02 8.187048388009507960e-01
2.380581968173336310e-02 8.310691384841283336e-01
2.448922003934824940e-02 8.429719945888144439e-01
2.519223896313864050e-02 8.508273279335157868e-01
2.591543964879867296e-02 8.582667472383465057e-01
2.665940145983961354e-02 8.664388720317628412e-01
2.742472039172386480e-02 8.736075895342901854e-01
2.821200954932315264e-02 8.850560505015586665e-01
2.902189963808308668e-02 9.061496070401319214e-01
2.985503946928780988e-02 9.229992113872403925e-01
3.071209647982937191e-02 9.315725527764526781e-01
3.159375726689831604e-02 9.366738429727904380e-01
3.250072813802373090e-02 9.449598766653004578e-01
3.343373567690351850e-02 9.615710373010282197e-01
3.439352732547799191e-02 9.873254889257095934e-01
3.538087198271340494e-02 1.019144709954658001e+00
3.639656062057476660e-02 1.043633713528471452e+00
3.744140691768162860e-02 1.047411072548840361e+00
3.851624791115440538e-02 1.065040517613103699e+00
3.962194466717344071e-02 1.096642970302904363e+00
4.075938297078794681e-02 1.134094637978395603e+00
4.192947403552756136e-02 1.167264328699693543e+00
4.313315523338488722e-02 1.201037507321773834e+00
4.437139084575374148e-02 1.232419045871655516e+00
4.564517283592506997e-02 1.254723915159932313e+00
4.695552164375882409e-02 1.259193813513378890e+00
4.830348700316886706e-02 1.237265369612081667e+00
4.969014878307562166e-02 1.230230345501571509e+00
5.111661785250017770e-02 1.235356056780627876e+00
5.258403697049286729e-02 1.240188531495990398e+00
5.409358170160936258e-02 1.237928127742756956e+00
5.564646135766741081e-02 1.234759797091262712e+00
5.724391996653913767e-02 1.242315640460369686e+00
5.888723726875447206e-02 1.248981069240392872e+00
6.057772974271449784e-02 1.240321166289567678e+00
6.231675165933579785e-02 1.233520207222698062e+00
6.410569616697088524e-02 1.239557837760309589e+00
6.594599640747365876e-02 1.247822427214219765e+00
6.783912666430402805e-02 1.246564858211426818e+00
6.978660354359174367e-02 1.232447855547407878e+00
7.178998718910485632e-02 1.212690004897008178e+00
7.385088253209731723e-02 1.173448538778681272e+00
7.597094057703566994e-02 1.111524835899481145e+00
7.815185972423577265e-02 1.021541281698118864e+00
8.039538713046884277e-02 7.287325218598070808e-01
8.270332010862661842e-02 4.898770363830800001e-01
8.507750756756726762e-02 4.880889496131524674e-01
8.751985149329537250e-02 4.965903940387367266e-01
9.003230847266223413e-02 5.058318700631394549e-01
9.261689126080806245e-02 5.125083379502055614e-01
9.527567039360063106e-02 5.183371288544366129e-01
9.801077584636293250e-02 5.254728023323129715e-01
1.008243987402182712e-01 5.314015345938887247e-01
1.037187930974200617e-01 5.257960929353379109e-01
1.066962776470719715e-01 5.265781244887264290e-01
1.097592376826861810e-01 5.178462460264408040e-01
1.129101269730658774e-01 5.185893343871522676e-01
1.161514697280454783e-01 5.239730851670502121e-01
1.194858626206602159e-01 5.258582765264706582e-01
1.229159768673685760e-01 5.160516536077348615e-01
1.264445603679904828e-01 5.165812651459480431e-01
1.300744399070783985e-01 5.111719974000381583e-01
1.338085234184840100e-01 4.937232602327031317e-01
1.376498023149329009e-01 4.617696801075256707e-01
1.416013538844773378e-01 4.166909959410521392e-06
1.456663437557421392e-01 4.302246927150783456e-06
1.498480284339435420e-01 4.324604138271985285e-06
1.541497579097077797e-01 4.411106765139052186e-06
1.585749783427844173e-01 4.493095895420157410e-06
1.631272348227991997e-01 4.454549758032635919e-06
1.678101742092622528e-01 4.401142416519400402e-06
1.726275480531054007e-01 4.303342272030389824e-06
1.775832156020869246e-01 4.219862265778224914e-06
1.826811468924760540e-01 4.169560754004598122e-06
1.879254259294885487e-01 4.084437749780647427e-06
1.933202539590266611e-01 3.946187942536775896e-06
1.988699528333389699e-01 3.923374749280527340e-06
2.045789684733022862e-01 3.900707123664540850e-06
2.104518744300931943e-01 3.801419054711063849e-06
2.164933755491075806e-01 3.712923834269010373e-06
2.227083117390613043e-01 3.687028738910228676e-06
2.291016618492893731e-01 3.416145848001748780e-06
2.356785476583551919e-01 3.266327359410760371e-06
2.424442379771582501e-01 3.241375862705884121e-06
2.494041528698345278e-01 3.234965456783807863e-06
2.565638679958238133e-01 3.240942620466719584e-06
2.639291190765898909e-01 3.384084947490387241e-06
2.715058064905639945e-01 3.601118593458640098e-06
2.792999999999999927e-01 3.539590160262984934e-06
