5.000000000000004441e-03 nan
5.051571725454370547e-03 nan
5.103675379481999869e-03 nan
5.156316448577769745e-03 nan
5.209500475826147302e-03 nan
5.263233061484885733e-03 nan
5.317519863574728806e-03 nan
5.372366598475212043e-03 nan
5.427779041526565804e-03 nan
5.483763027637879837e-03 nan
5.540324451901503314e-03 nan
5.597469270213818217e-03 nan
5.655203499902361833e-03 nan
5.713533220359468326e-03 nan
5.772464573682418131e-03 nan
5.832003765320219191e-03 nan
5.892157064727003568e-03 nan
5.952930806022224165e-03 nan
6.014331388657622075e-03 nan
6.076365278091106804e-03 nan
6.139039006467538091e-03 nan
6.202359173306575858e-03 nan
6.266332446197596558e-03 nan
6.330965561501814692e-03 nan
6.396265325061578286e-03 nan
6.462238612917049936e-03 nan
6.528892372030235293e-03 nan
6.596233621016524620e-03 nan
6.664269450883709284e-03 nan
6.733007025778688266e-03 nan
6.802453583741836091e-03 nan
6.872616437469196947e-03 nan
6.943502975082461656e-03 nan
7.015120660906966864e-03 nan
7.087477036257668755e-03 nan
7.160579720233269975e-03 nan
7.234436410518464179e-03 nan
7.309054884194529818e-03 nan
7.384442998558236708e-03 nan
7.460608691949249284e-03 nan
7.537559984585981421e-03 nan
7.615304979410158701e-03 nan
7.693851862940031747e-03 nan
7.773208906132453126e-03 nan
7.853384465253751903e-03 nan
7.934386982759682530e-03 nan
8.016224988184390832e-03 nan
8.098907099038604382e-03 nan
8.182442021717011710e-03 nan
8.266838552415063657e-03 nan
8.352105578055197752e-03 nan
8.438252077222667749e-03 nan
8.525287121110919353e-03 nan
8.613219874476834778e-03 nan
8.702059596605747280e-03 nan
8.791815642286484114e-03 nan
8.882497462796363347e-03 nan
8.974114606896441138e-03 nan
9.066676721837018185e-03 nan
9.160193554373431343e-03 nan
9.254674951792432255e-03 nan
9.350130862949080149e-03 nan
9.446571339314350016e-03 nan
9.544006536033591490e-03 nan
9.642446712995791577e-03 nan
9.741902235913976055e-03 nan
9.842383577416742579e-03 nan
9.943901318150961954e-03 nan
1.004646614789595979e-02 nan
1.015008886668912827e-02 nan
1.025478038596318482e-02 nan
1.036055172969512807e-02 nan
1.046741403556704711e-02 nan
1.057537855613892991e-02 nan
1.068445666003356095e-02 nan
1.079465983313362618e-02 nan
1.090599967979115348e-02 nan
1.101848792404946757e-02 nan
1.113213641087772675e-02 nan
1.124695710741819427e-02 nan
1.136296210424635536e-02 nan
1.148016361664406029e-02 nan
1.159857398588580966e-02 nan
1.171820568053826006e-02 nan
1.183907129777315645e-02 nan
1.196118356469384053e-02 nan
1.208455533967536799e-02 nan
1.220919961371853477e-02 nan
1.233512951181777589e-02 nan
1.246235829434327869e-02 nan
1.259089935843723564e-02 nan
1.272076623942461175e-02 nan
1.285197261223836041e-02 nan
1.298453229285943811e-02 nan
1.311845923977156964e-02 nan
1.325376755543112781e-02 nan
1.339047148775205677e-02 nan
1.352858543160623088e-02 nan
1.366812393033916932e-02 nan
1.380910167730151072e-02 nan
1.395153351739614710e-02 nan
1.409543444864145602e-02 nan
1.424081962375051830e-02 nan
1.438770435172675999e-02 nan
1.453610409947591990e-02 nan
1.468603449343477280e-02 nan
1.483751132121651807e-02 nan
1.499055053327328323e-02 nan
1.514516824457562937e-02 nan
1.530138073630951667e-02 nan
1.545920445759064489e-02 nan
1.561865602719660073e-02 nan
1.577975223531674631e-02 nan
1.594251004532027186e-02 nan
1.610694659554241792e-02 nan
1.627307920108910649e-02 nan
1.644092535566024291e-02 nan
1.661050273339180136e-02 nan
1.678182919071689871e-02 nan
1.695492276824604044e-02 nan
1.712980169266682673e-02 nan
1.730648437866320541e-02 nan
1.748498943085454588e-02 nan
1.766533564575465190e-02 nan
1.784754201375105681e-02 nan
1.803162772110473641e-02 nan
1.821761215197036446e-02 nan
1.840551489043747158e-02 nan
1.859535572259263941e-02 nan
1.878715463860299723e-02 nan
1.898093183482114574e-02 nan
1.917670771591183446e-02 nan
1.937450289700054853e-02 nan
1.957433820584432438e-02 nan
1.977623468502486687e-02 nan
1.998021359416431164e-02 nan
2.018629641216386841e-02 nan
2.039450483946557077e-02 nan
2.060486080033730252e-02 nan
2.081738644518138850e-02 nan
2.103210415286704479e-02 nan
2.124903653308688953e-02 nan
2.146820642873772250e-02 nan
2.168963691832582336e-02 nan
2.191335131839717079e-02 nan
2.213937318599264875e-02 nan
2.236772632112860038e-02 nan
2.259843476930293096e-02 nan
2.283152282402709649e-02 nan
2.306701502938424825e-02 nan
2.330493618261367597e-02 nan
2.354531133672193091e-02 nan
2.378816580312091700e-02 nan
2.403352515429320324e-02 nan
2.428141522648476561e-02 nan
2.453186212242551220e-02 nan
2.478489221407791793e-02 nan
2.504053214541400105e-02 nan
2.529880883522090534e-02 nan
2.555974947993540705e-02 nan
2.582338155650771433e-02 nan
2.608973282529481255e-02 nan
2.635883133298358438e-02 nan
2.663070541554408630e-02 nan
2.690538370121338049e-02 nan
2.718289511351005064e-02 nan
2.746326887427980382e-02 nan
2.774653450677254732e-02 nan
2.803272183875120740e-02 nan
2.832186100563254677e-02 nan
2.861398245366038665e-02 nan
2.890911694311161517e-02 nan
2.920729555153526308e-02 nan
2.950854967702492421e-02 nan
2.981291104152493376e-02 nan
3.012041169417071021e-02 nan
3.043108401466354529e-02 nan
3.074496071668014058e-02 nan
3.106207485131732074e-02 nan
3.138245981057232598e-02 nan
3.170614933085900977e-02 nan
3.203317749656024727e-02 nan
3.236357874361696363e-02 nan
3.269738786315426471e-02 nan
3.303464000514495097e-02 nan
3.337537068211077901e-02 nan
3.371961577286188005e-02 nan
3.406741152627481423e-02 nan
3.441879456510958668e-02 nan
3.477380188986600035e-02 nan
3.513247088267973384e-02 nan
3.549483931125872738e-02 nan
3.586094533286012659e-02 nan
3.623082749830818655e-02 nan
3.660452475605363576e-02 nan
3.698207645627496487e-02 nan
3.736352235502202190e-02 nan
3.774890261840227468e-02 nan
3.813825782681024706e-02 nan
3.853162897920064250e-02 nan
3.892905749740558502e-02 nan
3.933058523049627608e-02 nan
3.973625445918961552e-02 nan
4.014610790030042481e-02 nan
4.056018871123953651e-02 nan
4.097854049455820075e-02 nan
4.140120730253939174e-02 nan
4.182823364183654163e-02 nan
4.225966447816009719e-02 nan
4.269554524101235732e-02 nan
4.313592182847114653e-02 nan
4.358084061202290721e-02 nan
4.403034844144562698e-02 nan
4.448449264974209394e-02 nan
4.494332105812394451e-02 nan
4.540688198104732287e-02 nan
4.587522423130037386e-02 nan
4.634839712514319393e-02 nan
4.682645048750075367e-02 nan
4.730943465720949953e-02 nan
4.779740049231805121e-02 nan
4.829039937544249428e-02 nan
4.878848321917689940e-02 nan
4.929170447155974133e-02 nan
4.980011612159671724e-02 nan
5.031377170484042233e-02 nan
5.083272530902753494e-02 nan
5.135703157977441341e-02 nan
5.188674572633104887e-02 nan
5.242192352739481753e-02 nan
5.296262133698370622e-02 nan
5.350889609037060013e-02 nan
5.406080531007833451e-02 nan
5.461840711193699516e-02 nan
5.518176021120328734e-02 nan
5.575092392874345104e-02 nan
5.632595819727950759e-02 nan
5.690692356770034321e-02 nan
5.749388121543752561e-02 nan
5.808689294690722038e-02 nan
5.868602120601820044e-02 nan
5.929132908074737085e-02 nan
5.990288030978269812e-02 nan
6.052073928923507040e-02 nan
6.114497107941897769e-02 nan
6.177564141170356626e-02 nan
6.241281669543388699e-02 nan
6.305656402492400281e-02 nan
6.370695118652178190e-02 nan
6.436404666574697953e-02 nan
6.502791965450252509e-02 nan
6.569864005836063836e-02 nan
6.637627850392360807e-02 nan
6.706090634626098168e-02 nan
6.775259567642301362e-02 nan
6.845141932903205106e-02 nan
6.915745088995171874e-02 nan
6.987076470403576212e-02 nan
7.059143588295638261e-02 nan
7.131954031311341091e-02 nan
7.205515466362530375e-02 nan
7.279835639440214445e-02 nan
7.354922376430238218e-02 nan
7.430783583937321246e-02 nan
7.507427250117647277e-02 nan
7.584861445519981704e-02 nan
7.663094323935533414e-02 nan
7.742134123256512457e-02 nan
7.821989166343605582e-02 nan
7.902667861902341884e-02 nan
7.984178705368555340e-02 nan
8.066530279802923420e-02 nan
8.149731256794788548e-02 nan
8.233790397375241599e-02 nan
8.318716552939688091e-02 nan
8.404518666179863762e-02 nan
8.491205772025527121e-02 nan
8.578786998595809565e-02 nan
8.667271568160422879e-02 nan
8.756668798110739393e-02 nan
8.846988101940934934e-02 nan
8.938238990239198711e-02 nan
9.030431071689223876e-02 nan
9.123574054081966256e-02 nan
9.217677745337904405e-02 nan
9.312752054539776003e-02 nan
9.408806992976039008e-02 nan
9.505852675195008983e-02 nan
9.603899320069970991e-02 nan
9.702957251875170275e-02 nan
9.803036901373002321e-02 nan
9.904148806912321801e-02 nan
1.000630361553817571e-01 nan
1.010951208411288438e-01 nan
1.021378508044877703e-01 nan
1.031913358445253337e-01 nan
1.042556868928139618e-01 nan
1.053310160251124117e-01 nan
1.064174364731677175e-01 nan
1.075150626366379869e-01 nan
1.086240100951391258e-01 nan
1.097443956204148252e-01 nan
1.108763371886331006e-01 nan
1.120199539928086324e-01 nan
1.131753664553541983e-01 nan
1.143426962407606967e-01 nan
1.155220662684087879e-01 nan
1.167136007255118180e-01 nan
1.179174250801931501e-01 nan
1.191336660946973880e-01 nan
1.203624518387389486e-01 nan
1.216039117029872468e-01 nan
1.228581764126919357e-01 nan
1.241253780414477564e-01 nan
1.254056500251023443e-01 nan
1.266991271758064475e-01 nan
1.280059456962101549e-01 nan
1.293262431938043688e-01 nan
1.306601586954114769e-01 nan
1.320078326618241427e-01 nan
1.333694070025964462e-01 nan
1.347450250909862646e-01 nan
1.361348317790530005e-01 nan
1.375389734129101316e-01 nan
1.389575978481352447e-01 nan
1.403908544653396928e-01 nan
1.418388941858976793e-01 nan
1.433018694878388788e-01 nan
1.447799344219036499e-01 nan
1.462732446277651699e-01 nan
1.477819573504175754e-01 nan
1.493062314567344950e-01 nan
1.508462274521969737e-01 nan
1.524021074977952861e-01 nan
1.539740354271038059e-01 nan
1.555621767635332886e-01 nan
1.571666987377597080e-01 nan
1.587877703053342804e-01 nan
1.604255621644737340e-01 nan
1.620802467740354302e-01 nan
1.637519983716766436e-01 nan
1.654409929922022182e-01 nan
1.671474084861004628e-01 nan
1.688714245382712531e-01 nan
1.706132226869462309e-01 nan
1.723729863428054010e-01 nan
1.741509008082893772e-01 nan
1.759471532971125241e-01 nan
1.777619329539756043e-01 nan
1.795954308744835692e-01 nan
1.814478401252669626e-01 nan
1.833193557643125748e-01 nan
1.852101748615021526e-01 nan
1.871204965193646597e-01 nan
1.890505218940408405e-01 nan
1.910004542164656371e-01 nan
1.929704988137677102e-01 nan
1.949608631308908380e-01 nan
1.969717567524372492e-01 nan
1.990033914247374136e-01 nan
2.010559810781461787e-01 nan
2.031297418495702500e-01 nan
2.052248921052265973e-01 nan
2.073416524636371439e-01 nan
2.094802458188588790e-01 nan
2.116408973639555546e-01 nan
2.138238346147093571e-01 nan
2.160292874335792701e-01 nan
2.182574880539045192e-01 nan
2.205086711043596492e-01 nan
2.227830736336597617e-01 nan
2.250809351355227417e-01 nan
2.274024975738868359e-01 nan
2.297480054083903822e-01 nan
2.321177056201121913e-01 nan
2.345118477375797705e-01 nan
2.369306838630433620e-01 nan
2.393744686990233739e-01 nan
2.418434595751293992e-01 nan
2.443379164751579291e-01 nan
2.468581020644675383e-01 nan
2.494042817176384541e-01 nan
2.519767235464154265e-01 nan
2.545756984279406998e-01 nan
2.572014800332764195e-01 nan
2.598543448562228297e-01 nan
2.625345722424327066e-01 nan
2.652424444188257735e-01 nan
2.679782465233083166e-01 nan
2.707422666347966689e-01 nan
2.735347958035531657e-01 nan
2.763561280818324084e-01 nan
2.792065605548459950e-01 nan
2.820863933720443306e-01 nan
2.849959297787234003e-01 nan
2.879354761479552827e-01 nan
2.909053420128501766e-01 nan
2.939058400991490516e-01 nan
2.969372863581546951e-01 nan
2.999999999999999334e-01 nan
