1.000000000000003057e-03 2.732178803498621988e+01
1.032216190513148089e-03 5.790342551647676972e-01
1.065470263957472201e-03 5.650657198770581147e-01
1.099795656967216938e-03 5.787246757999613411e-01
1.135226883377600917e-03 5.926373464260187296e-01
1.171799568928137518e-03 6.069864407710368059e-01
1.209550487083947386e-03 6.215931435147007411e-01
1.248517596011111111e-03 6.366176552438700398e-01
1.288740076743218575e-03 6.519639163022065143e-01
1.330258372577503099e-03 6.676821324161302806e-01
1.373114229740164541e-03 6.838041217770692848e-01
1.417350739361783983e-03 7.002491558876542399e-01
1.463012380805010001e-03 7.171867364699665570e-01
1.510145066388113820e-03 7.344276592077737531e-01
1.558796187549359169e-03 7.521828238326710991e-01
1.609014662498613234e-03 7.702950905572408802e-01
1.660850985404110263e-03 7.888703065347798526e-01
1.714357277163833454e-03 8.078969243981880544e-01
1.769587337812539860e-03 8.273287689466374273e-01
1.826596700617157598e-03 8.473122248418025748e-01
1.885442687914921618e-03 8.669374376481067124e-01
1.946184468750404703e-03 8.869967063171042554e-01
2.008883118369391482e-03 9.072981636232821945e-01
2.073601679629418285e-03 9.280919379717098572e-01
2.140405226388736922e-03 9.493058499281878948e-01
2.209360928937407521e-03 9.709374896719572545e-01
2.280538121536353387e-03 9.930940653192271705e-01
2.354008372132258484e-03 1.015591982571002916e+00
2.429845554318409238e-03 1.038726516987102722e+00
2.508125921613848976e-03 1.062203062095227635e+00
2.588928184135515318e-03 1.086263164939630377e+00
2.672333587740475472e-03 1.110764799117332391e+00
2.758425995717798257e-03 1.135767011690647088e+00
2.847291973112254463e-03 1.161337582867143503e+00
2.939020873764586813e-03 1.187347329213563007e+00
3.033704930155893195e-03 1.214071914813673381e+00
3.131439346146462372e-03 1.241181962419048990e+00
3.232322392702274925e-03 1.268975420070067806e+00
3.336455506705475645e-03 1.297227245714558164e+00
3.443943392948130289e-03 1.326072600171490867e+00
3.554894129411833963e-03 1.355498848784658428e+00
3.669419275939026122e-03 1.385422083170257501e+00
3.787633986405279825e-03 1.416049508755788944e+00
3.909657124505374302e-03 1.447109533917305679e+00
4.035611383269513928e-03 1.478942239080914378e+00
4.165623408429941152e-03 1.511245260799444878e+00
4.299823925761935353e-03 1.544223679445105413e+00
4.438347872527260984e-03 1.576919047776861982e+00
4.581334533152210155e-03 1.609445202113763740e+00
4.728927679276686939e-03 1.641932759183866830e+00
4.881275714315148721e-03 1.674806200258608824e+00
5.038531822674712814e-03 1.708370677463817655e+00
5.200854123780544389e-03 1.742296666600197774e+00
5.368405831063333307e-03 1.776822932203399485e+00
5.541355416068742372e-03 1.811823702897708888e+00
5.719876777853865994e-03 1.847334928722069058e+00
5.904149417840912940e-03 1.883368201275536835e+00
6.094358620304149432e-03 1.919828480393720227e+00
6.290695638671294464e-03 1.956918510149871837e+00
6.493357887826938651e-03 1.994398275112166274e+00
6.702549142611203582e-03 2.032408328212524040e+00
6.918479742713274511e-03 2.070878233674399382e+00
7.141366804165858589e-03 2.108666233433814874e+00
7.371434437653114763e-03 2.145162484812950243e+00
7.608913973851704274e-03 2.179818989447673161e+00
7.854044196031442077e-03 2.214853170009196681e+00
8.107071580149449730e-03 2.250201269876359600e+00
8.368250542679247714e-03 2.285696698540009564e+00
8.637843696423921219e-03 2.321546604951637782e+00
8.916122114570681351e-03 2.357627556183713224e+00
9.203365603252154636e-03 2.393827630909427295e+00
9.499862982888650220e-03 2.430346987734794073e+00
9.805912378594164661e-03 2.466795918234186757e+00
1.012182151993815463e-02 2.498227192357191928e+00
1.044790805036453080e-02 2.526542834797863790e+00
1.078449984657889500e-02 2.553532440876514098e+00
1.113193534822525671e-02 2.580258823955325465e+00
1.149056389818369460e-02 2.605852053282919911e+00
1.186074609383104377e-02 2.629083856224815552e+00
1.224285414961793876e-02 2.650169834239828326e+00
1.263727227132667615e-02 2.672012338199245107e+00
1.304439704238621878e-02 2.693706863241330574e+00
1.346463782263282970e-02 2.716332627240077180e+00
1.389841715991726491e-02 2.737313932307333886e+00
1.434617121497232251e-02 2.751118793353178216e+00
1.480835019996805738e-02 2.762144645432969892e+00
1.528541883119559526e-02 2.769944241290511755e+00
1.577785679633460572e-02 2.775739053308248216e+00
1.628615923677443136e-02 2.774179392869244865e+00
1.681083724547376840e-02 2.768865270916132992e+00
1.735241838085942526e-02 2.748420239149727884e+00
1.791144719728098716e-02 2.712361624260886561e+00
1.848848579255471872e-02 2.631253494746126353e+00
1.908411437314723458e-02 2.472433927259424902e+00
1.969893183756719207e-02 2.009517499607440971e+00
2.033355637855169956e-02 1.306567828194462377e+00
2.098862610465289380e-02 1.322104872101173001e+00
2.166479968184955793e-02 1.339222447294002416e+00
2.236275699582913196e-02 1.357850216385247943e+00
2.308319983560592689e-02 1.378297851545621677e+00
2.382685259916280177e-02 1.389580793200279940e+00
2.459446302182604141e-02 1.392702870839613638e+00
2.538680292810568256e-02 1.391968675026079350e+00
2.620466900775720101e-02 1.396739102481156847e+00
2.704888361684501183e-02 1.405632990872855981e+00
2.792029560461315937e-02 1.417877665007807542e+00
2.881978116699469850e-02 1.434639528429956679e+00
2.974824472761774391e-02 1.455389477763963546e+00
3.070661984719431914e-02 1.471635460974778598e+00
3.169587016220624942e-02 1.475907870166033753e+00
3.271699035383178467e-02 1.466298071221094235e+00
3.377100714808754095e-02 1.468983825022920797e+00
3.485898034819110564e-02 1.467867058708463457e+00
3.598200390018239936e-02 1.461712593070885857e+00
3.714120699287538213e-02 1.451032514980004962e+00
3.833775519324600367e-02 1.444055433041445680e+00
3.957285161839792231e-02 1.444389062760634834e+00
4.084773814528462610e-02 1.449815186271735667e+00
4.216369665940417066e-02 1.449180242175600597e+00
4.352205034372198800e-02 1.443356859646450330e+00
4.492416500911799310e-02 1.437717411850338634e+00
4.637145046769569623e-02 1.439659678492581252e+00
4.786536195033384150e-02 1.441264553394403958e+00
4.940740156990643117e-02 1.443368695445677474e+00
5.099911983164196611e-02 1.445589073031777083e+00
5.264211719214084706e-02 1.448063144138756364e+00
5.433804566861815538e-02 1.451118271991941988e+00
5.608861049999029624e-02 1.452925270862274632e+00
5.789557186147555740e-02 1.454574838569144601e+00
5.976074663443232959e-02 1.452673862557171347e+00
6.168601023321494681e-02 1.450047731296484343e+00
6.367329849088400329e-02 1.445721968839578153e+00
6.572460960566665900e-02 1.438286669233395099e+00
6.784200615012485336e-02 1.428771191683679609e+00
7.002761714505123525e-02 1.412532208104386733e+00
7.228364020017777336e-02 1.391778741007188458e+00
7.461234372385031066e-02 1.349419232569477822e+00
7.701606920389009181e-02 1.278744524564610296e+00
7.949723356193616475e-02 1.108571620582019746e+00
8.205833158363547153e-02 7.771674442909730640e-01
8.470193842712464560e-02 7.799420167632351575e-01
8.743071221232555368e-02 7.832459323116184313e-01
9.024739669365777761e-02 7.874643023183999224e-01
9.315482401885596953e-02 7.920343562558034289e-01
9.615591757666591688e-02 7.976194592021494945e-01
9.925369493628204143e-02 8.033870802074335460e-01
1.024512708814828144e-01 8.093935027615261069e-01
1.057518605425144809e-01 8.158297991283914863e-01
1.091587826288716589e-01 8.182374685011983839e-01
1.126754627662263503e-01 8.205582671112702231e-01
1.163054369408598604e-01 8.218263831907361983e-01
1.200523550550610385e-01 8.232152011165830841e-01
1.239199845970666014e-01 8.221660247269372279e-01
1.279122144292316743e-01 8.162008905879072351e-01
1.320330586982420285e-01 8.004916243257789166e-01
1.362866608712978433e-01 7.731589139614265527e-01
1.406772979023279413e-01 7.038002478117807437e-01
1.452093845324236299e-01 7.044594134958056530e-01
1.498874777288166926e-01 7.191243011158310328e-01
1.547162812668630150e-01 7.299629954369593055e-01
1.597006504596416021e-01 7.399543994404754743e-01
1.648455970399225479e-01 7.483155812949855434e-01
1.701562941994138045e-01 7.576338173912265939e-01
1.756380817903528679e-01 7.608455655636628956e-01
1.812964716946739996e-01 7.625961860999037611e-01
1.871371533661506104e-01 7.628772138090196275e-01
1.931659995510821293e-01 7.550959714512865961e-01
1.993890721932818355e-01 7.494048506682210453e-01
2.058126285292997959e-01 7.467259926417396665e-01
2.124431273800108377e-01 7.426157074888908305e-01
2.192872356448933580e-01 7.063069624215188025e-01
2.263518350055301331e-01 6.481293195692219289e-01
2.336440288450682135e-01 5.920847714155678121e-01
2.411711493905996651e-01 5.586460314530447002e-01
2.489407650856413357e-01 5.428497436155950151e-01
2.569606882001284065e-01 5.462579707476630242e-01
2.652389826855722776e-01 5.674641140520210181e-01
2.737839722832834388e-01 5.842230293675628738e-01
2.826042488938072528e-01 6.764207240414140676e-01
2.917086812159943587e-01 7.076432626100165324e-01
3.011064236643871128e-01 7.158499306035911447e-01
3.108069255738907244e-01 7.313163566291375206e-01
3.208199407009840187e-01 7.343636928783912055e-01
3.311555370310224067e-01 7.372044184161158364e-01
3.418241069014966160e-01 7.360925878124228161e-01
3.528363774514208240e-01 7.349551305980036586e-01
3.642034214073637255e-01 7.282377737973464438e-01
3.759366682169625329e-01 7.182512705887318383e-01
3.880479155411171166e-01 7.079670189682851777e-01
4.005493411164181006e-01 7.031284302015399224e-01
4.134535149997393133e-01 7.027472713685068983e-01
4.267734122073003067e-01 7.039392150641707868e-01
4.405224257609156036e-01 6.954326018483609761e-01
4.547143801545419639e-01 6.970968518156327454e-01
4.693635452546672804e-01 7.073414343589450315e-01
4.844846506485167570e-01 2.655559890372695686e-01
5.000929004545032752e-01 8.752241133696191111e-02
5.162039886098167552e-01 5.984090930485342491e-02
5.328341146505158887e-01 5.154593070307907782e-02
5.500000000000000444e-01 4.991173485018583073e-02
