.001 7.0000e+14 0 0 0 0
.0019 6.9073e+14 0 0 0 0
.0025 6.70922e+14 0 0 0 0
.0033 6.48761e+14 0 0 0 0
.0043 6.24375e+14 0 0 0 0
.0056 5.94971e+14 0 0 0 0
.0073 5.5752e+14 0 0 0 0
.0095 5.08381e+14 0 0 0 0
.0123 4.43631e+14 0 0 0 0
.0160 3.55808e+14 8.93821e+12 0 0 0
.0208 2.45125e+14 8.55302e+12 0 0 0
.0271 1.22854e+14 8.06827e+12 0 0 0
.0352 2.9285e+13 7.44391e+12 0 0 0
.0457 1.20401e+12 6.60964e+12 0 0 0
.0593 6.04448e+09 5.49269e+12 0 0 0
.0770 0 4.04298e+12 0 0 5.83246e+10
.1000 0 2.34906e+12 0 0 6.5518e+10
.1000 0 2.34906e+12 0 0 6.5518e+10
.1139 0 1.52077e+12 0 0 7.22279e+10
.1298 0 8.06593e+11 0 0 8.3224e+10
.1479 0 3.06336e+11 0 0 1.0252e+11
.1685 0 6.80976e+10 0 0 1.40555e+11
.1920 0 1.01595e+10 0 0 2.3252e+11
.2187 0 1.07209e+09 0 0 5.64076e+11
.2492 0 2.09509e+07 0 0 8.1122e+12
.2840 0 0 0 0 1.13421e+12
.3236 0 0 0 0 2.88001e+11
.3686 0 0 0 0 1.6559e+11
.4200 0 0 0 0 1.06152e+11
.4786 0 0 0 0 1.46171e+10
.5453 0 0 0 0 1.50286e+09
.6213 0 0 0 0 2.24922e+08
.7080 0 0 0 0 4.2533e+07
.8065 0 0 0 0 9.11484e+06
.9189 0 0 0 0 2.09464e+06
1.0470 0 0 0 0 504520
1.1927 0 0 0 0 125802
1.3592 0 0 0 0 31958.4
1.5486 0 0 0 0 8270.93
1.7642 0 0 0 0 2168.4
2.0103 0 0 0 0 572.044
2.2907 0 0 0 0 151.911
2.6096 0 0 0 0 40.6329
2.9733 0 0 0 0 10.8931
3.3882 0 0 0 0 2.92391
3.8597 0 0 0 0 0.789139
4.3977 0 0 0 0 0.212891
5.0113 0 0 0 0 0.0574334
