.0010 6.1982e+14 0 0 0 0
.0011 6.18473e+14 0 0 0 0
.0012 6.17207e+14 0 0 0 0
.0013 6.16004e+14 0 0 0 0
.0015 6.13747e+14 0 0 0 0
.0017 6.1163e+14 0 0 0 0
.0018 6.10609e+14 0 0 0 0
.0021 6.07586e+14 0 0 0 0
.0023 6.05664e+14 0 0 0 0
.0026 6.02811e+14 0 0 0 0
.0029 5.99957e+14 0 0 0 0
.0032 5.97037e+14 0 0 0 0
.0035 5.94105e+14 0 0 0 0
.0039 5.90088e+14 0 0 0 0
.0044 5.84832e+14 0 0 0 0
.0049 5.79336e+14 0 0 0 0
.0054 5.73541e+14 0 0 0 0
.0061 5.64939e+14 0 0 0 0
.0068 5.55756e+14 0 0 0 0
.0075 5.45952e+14 0 0 0 0
.0084 5.32476e+14 0 0 0 0
.0093 5.18044e+14 0 0 0 0
.0104 4.99174e+14 0 0 0 0
.0115 4.79046e+14 0 0 0 0
.0128 4.53805e+14 2.41112e+13 0 0 0
.0143 4.23e+14 2.39649e+13 0 0 0
.0159 3.88595e+14 2.38047e+13 0 0 0
.0177 3.48576e+14 2.36173e+13 0 0 0
.0197 3.03375e+14 2.33994e+13 0 0 0
.0219 2.53992e+14 2.31469e+13 0 0 0
.0244 2.00015e+14 2.2843e+13 0 0 0
.0271 1.46431e+14 2.24938e+13 0 0 0
.0302 9.3619e+13 2.20659e+13 0 0 0
.0335 5.01722e+13 2.15788e+13 0 0 0
.0373 1.80391e+13 2.09787e+13 0 0 0
.0415 2.77459e+12 2.02689e+13 0 0 0
.0462 1.95213e+11 1.94206e+13 0 0 0
.0514 2.48914e+10 1.84225e+13 0 0 0
.0572 1.20982e+09 1.72456e+13 0 0 0
.0636 29133.5 1.58849e+13 0 0 0
.0708 0 1.42993e+13 0 0 6.3873e+11
.0787 0 1.25262e+13 0 0 6.55081e+11
.0876 0 1.05345e+13 0 0 6.78498e+11
.0974 0 8.41361e+12 0 0 7.11629e+11
.1084 0 6.20861e+12 0 0 7.60185e+11
.1205 0 4.10002e+12 0 0 8.31577e+11
.1341 0 2.2352e+12 0 0 9.42727e+11
.1491 0 8.72668e+11 0 0 1.1217e+12
.1659 0 1.59561e+11 0 0 1.43862e+12
.1846 0 1.06469e+10 0 0 2.07209e+12
.2053 0 1.40605e+09 0 0 3.6287e+12
.2284 0 8.85779e+07 0 0 9.62144e+12
.2541 0 60147.7 0 0 5.37877e+14
.2826 0 0 0 0 1.30196e+13
.3144 0 0 0 0 3.79109e+12
.3497 0 0 0 0 2.05438e+12
.3890 0 0 0 0 1.60524e+12
.4327 0 0 0 0 8.34617e+11
.4814 0 0 0 0 1.43082e+11
.5354 0 0 0 0 2.22393e+10
.5957 0 0 0 0 4.45363e+09
.6625 0 0 0 0 1.09328e+09
.7371 0 0 0 0 2.97764e+08
.8197 0 0 0 0 8.72708e+07
.9120 0 0 0 0 2.66249e+07
1.0143 0 0 0 0 8.42516e+06
1.1283 0 0 0 0 2.72316e+06
1.2550 0 0 0 0 896238
1.3962 0 0 0 0 298125
1.5530 0 0 0 0 100293
1.7277 0 0 0 0 33916.5
1.9216 0 0 0 0 11555.8
2.1378 0 0 0 0 3941.87
2.3778 0 0 0 0 1351.28
2.6453 0 0 0 0 463.14
2.9420 0 0 0 0 159.444
3.2729 0 0 0 0 54.7903
3.6404 0 0 0 0 18.873
4.0499 0 0 0 0 6.49236
4.5046 0 0 0 0 2.23845
5.0113 0 0 0 0 0.77051
