.0010 7.23123e+14 0 0 0 0
.0011 7.21552e+14 0 0 0 0
.0012 7.20074e+14 0 0 0 0
.0013 7.18672e+14 0 0 0 0
.0015 7.16038e+14 0 0 0 0
.0017 7.13568e+14 0 0 0 0
.0018 7.12377e+14 0 0 0 0
.0021 7.0885e+14 0 0 0 0
.0023 7.06608e+14 0 0 0 0
.0026 7.03279e+14 0 0 0 0
.0029 6.9995e+14 0 0 0 0
.0032 6.96543e+14 0 0 0 0
.0035 6.93122e+14 0 0 0 0
.0039 6.88436e+14 0 0 0 0
.0044 6.82304e+14 0 0 0 0
.0049 6.75892e+14 0 0 0 0
.0054 6.69131e+14 0 0 0 0
.0061 6.59095e+14 0 0 0 0
.0068 6.48382e+14 0 0 0 0
.0075 6.36944e+14 0 0 0 0
.0084 6.21223e+14 0 0 0 0
.0093 6.04385e+14 0 0 0 0
.0104 5.8237e+14 0 0 0 0
.0115 5.58887e+14 0 0 0 0
.0128 5.29439e+14 2.81298e+13 0 0 0
.0143 4.935e+14 2.79591e+13 0 0 0
.0159 4.53361e+14 2.77721e+13 0 0 0
.0177 4.06671e+14 2.75535e+13 0 0 0
.0197 3.53937e+14 2.72994e+13 0 0 0
.0219 2.96324e+14 2.70047e+13 0 0 0
.0244 2.3335e+14 2.66501e+13 0 0 0
.0271 1.70836e+14 2.62428e+13 0 0 0
.0302 1.09222e+14 2.57435e+13 0 0 0
.0335 5.85342e+13 2.51753e+13 0 0 0
.0373 2.10456e+13 2.44751e+13 0 0 0
.0415 3.23702e+12 2.3647e+13 0 0 0
.0462 2.27749e+11 2.26574e+13 0 0 0
.0514 2.90399e+10 2.14929e+13 0 0 0
.0572 1.41145e+09 2.01199e+13 0 0 0
.0636 33989.1 1.85323e+13 0 0 0
.0708 0 1.66825e+13 0 0 2.1291e+11
.0787 0 1.46139e+13 0 0 2.1836e+11
.0876 0 1.22903e+13 0 0 2.26166e+11
.0974 0 9.81588e+12 0 0 2.3721e+11
.1084 0 7.24338e+12 0 0 2.53395e+11
.1205 0 4.78336e+12 0 0 2.77192e+11
.1341 0 2.60774e+12 0 0 3.14242e+11
.1491 0 1.01811e+12 0 0 3.73901e+11
.1659 0 1.86155e+11 0 0 4.79539e+11
.1846 0 1.24213e+10 0 0 6.90698e+11
.2053 0 1.64039e+09 0 0 1.20957e+12
.2284 0 1.03341e+08 0 0 3.20715e+12
.2541 0 70172.4 0 0 1.79292e+14
.2826 0 0 0 0 4.33985e+12
.3144 0 0 0 0 1.2637e+12
.3497 0 0 0 0 6.84793e+11
.3890 0 0 0 0 5.35079e+11
.4327 0 0 0 0 2.78206e+11
.4814 0 0 0 0 4.76941e+10
.5354 0 0 0 0 7.4131e+09
.5957 0 0 0 0 1.48454e+09
.6625 0 0 0 0 3.64427e+08
.7371 0 0 0 0 9.92547e+07
.8197 0 0 0 0 2.90903e+07
.9120 0 0 0 0 8.87498e+06
1.0143 0 0 0 0 2.80839e+06
1.1283 0 0 0 0 907720
1.2550 0 0 0 0 298746
1.3962 0 0 0 0 99375
1.5530 0 0 0 0 33431.1
1.7277 0 0 0 0 11305.5
1.9216 0 0 0 0 3851.94
2.1378 0 0 0 0 1313.96
2.3778 0 0 0 0 450.426
2.6453 0 0 0 0 154.38
2.9420 0 0 0 0 53.1479
3.2729 0 0 0 0 18.2634
3.6404 0 0 0 0 6.291
4.0499 0 0 0 0 2.16412
4.5046 0 0 0 0 0.746151
5.0113 0 0 0 0 0.256837
