.0019 2.61679e+16 0 0 0 0
.0022 2.60417e+16 0 0 0 0
.0025 2.59183e+16 0 0 0 0
.0029 2.57545e+16 0 0 0 0
.0033 2.55885e+16 0 0 0 0
.0038 2.53749e+16 0 0 0 0
.0043 2.5152e+16 0 0 0 0
.0049 2.487e+16 0 0 0 0
.0056 2.45186e+16 0 0 0 0
.0064 2.40864e+16 0 0 0 0
.0073 2.35598e+16 0 0 0 0
.0083 2.29247e+16 0 0 0 0
.0095 2.20957e+16 0 0 0 0
.0108 2.11202e+16 0 0 0 0
.0123 1.99046e+16 0 0 0 0
.0141 1.8338e+16 0 0 0 0
.0160 1.6586e+16 0 0 0 0
.0183 1.43812e+16 0 0 0 0
.0208 1.19552e+16 0 0 0 0
.0238 9.12569e+15 0 0 0 0
.0271 6.28192e+15 0 0 0 0
.0309 3.5684e+15 0 0 0 0
.0352 1.43035e+15 0 0 0 0
.0401 2.48745e+14 0 0 0 0
.0457 9.09613e+12 0 0 0 0
.0520 5.85962e+11 0 0 0 0
.0593 2.47982e+09 0 0 0 0
.0676 0 0 0 0 2.92391
.0770 0 0 0 0 0.789139
.0877 0 0 0 0 0.212891
.1000 0 0 0 0 0.0574334
