.0019 3.04174e+16 0 0 0 0
.0022 2.99712e+16 0 0 0 0
.0025 2.95655e+16 0 0 0 0
.0029 2.90694e+16 0 0 0 0
.0033 2.86095e+16 0 0 0 0
.0038 2.80692e+16 0 0 0 0
.0043 2.75542e+16 0 0 0 0
.0049 2.69563e+16 0 0 0 0
.0056 2.62756e+16 0 0 0 0
.0064 2.55057e+16 0 0 0 0
.0073 2.4639e+16 0 0 0 0
.0083 2.36659e+16 0 0 0 0
.0095 2.24775e+16 0 0 0 0
.0108 2.11615e+16 0 0 0 0
.0123 1.96088e+16 0 0 0 0
.0141 1.77098e+16 0 0 0 0
.0160 1.56861e+16 0 0 0 0
.0183 1.32552e+16 0 0 0 0
.0208 1.07021e+16 0 0 0 0
.0238 7.8656e+15 0 0 0 0
.0271 5.16438e+15 0 0 0 0
.0309 2.74501e+15 0 0 0 0
.0352 9.91126e+14 0 0 0 0
.0401 1.37193e+14 0 0 0 0
.0457 3.40212e+11 0 0 0 0
.0520 3.70764e+12 0 0 0 0
.0593 4.48004e+10 0 0 0 0
.0676 0 0 0 0 2.92391
.0770 0 0 0 0 0.789139
.0877 0 0 0 0 0.212891
.1000 0 0 0 0 0.0574334
