.0010 2.6654e+16 0 0 0 0
.0011 2.65939e+16 0 0 0 0
.0012 2.65375e+16 0 0 0 0
.0013 2.64839e+16 0 0 0 0
.0015 2.63837e+16 0 0 0 0
.0017 2.62899e+16 0 0 0 0
.0018 2.62447e+16 0 0 0 0
.0021 2.61125e+16 0 0 0 0
.0023 2.60277e+16 0 0 0 0
.0026 2.59022e+16 0 0 0 0
.0029 2.5777e+16 0 0 0 0
.0032 2.56501e+16 0 0 0 0
.0035 2.55219e+16 0 0 0 0
.0039 2.53466e+16 0 0 0 0
.0044 2.51184e+16 0 0 0 0
.0049 2.48795e+16 0 0 0 0
.0054 2.46286e+16 0 0 0 0
.0061 2.42563e+16 0 0 0 0
.0068 2.3859e+16 0 0 0 0
.0075 2.34356e+16 0 0 0 0
.0084 2.2854e+16 0 0 0 0
.0093 2.22316e+16 0 0 0 0
.0104 2.14183e+16 0 0 0 0
.0115 2.05513e+16 0 0 0 0
.0128 1.94646e+16 0 0 0 0
.0143 1.81392e+16 0 0 0 0
.0159 1.66594e+16 0 0 0 0
.0177 1.4939e+16 0 0 0 0
.0197 1.29967e+16 0 0 0 0
.0219 1.08754e+16 0 0 0 0
.0244 8.55793e+15 0 0 0 0
.0271 6.25852e+15 0 0 0 0
.0302 3.99384e+15 0 0 0 0
.0335 2.13279e+15 0 0 0 0
.0373 7.59106e+14 0 0 0 0
.0415 1.10461e+14 0 0 0 0
.0462 5.23989e+12 0 0 0 0
.0514 3.29347e+11 0 0 0 0
.0572 9.34296e+08 0 0 0 0
.0636 33989.1 1.85323e+13 0 0 0
.0708 0 1.66825e+13 0 0 2.1291e+11
.0787 0 1.46139e+13 0 0 2.1836e+11
.0876 0 1.22903e+13 0 0 2.26166e+11
.0974 0 9.81588e+12 0 0 2.3721e+11
.1084 0 7.24338e+12 0 0 2.53395e+11
.1205 0 4.78336e+12 0 0 2.77192e+11
.1341 0 2.60774e+12 0 0 3.14242e+11
.1491 0 1.01811e+12 0 0 3.73901e+11
.1659 0 1.86155e+11 0 0 4.79539e+11
.1846 0 1.24213e+10 0 0 6.90698e+11
.2053 0 1.64039e+09 0 0 1.20957e+12
.2284 0 1.03341e+08 0 0 3.20715e+12
.2541 0 70172.4 0 0 1.79292e+14
.2826 0 0 0 0 4.33985e+12
.3144 0 0 0 0 1.2637e+12
.3497 0 0 0 0 6.84793e+11
.3890 0 0 0 0 5.35079e+11
.4327 0 0 0 0 2.78206e+11
.4814 0 0 0 0 4.76941e+10
.5354 0 0 0 0 7.4131e+09
.5957 0 0 0 0 1.48454e+09
.6625 0 0 0 0 3.64427e+08
.7371 0 0 0 0 9.92547e+07
.8197 0 0 0 0 2.90903e+07
.9120 0 0 0 0 8.87498e+06
1.0143 0 0 0 0 2.80839e+06
1.1283 0 0 0 0 907720
1.2550 0 0 0 0 298746
1.3962 0 0 0 0 99375
1.5530 0 0 0 0 33431.1
1.7277 0 0 0 0 11305.5
1.9216 0 0 0 0 3851.94
2.1378 0 0 0 0 1313.96
2.3778 0 0 0 0 450.426
2.6453 0 0 0 0 154.38
2.9420 0 0 0 0 53.1479
3.2729 0 0 0 0 18.2634
3.6404 0 0 0 0 6.291
4.0499 0 0 0 0 2.16412
4.5046 0 0 0 0 0.746151
5.0113 0 0 0 0 0.256837
.0010 2.6654e+16 0 0 0 0
.0011 2.65939e+16 0 0 0 0
.0012 2.65375e+16 0 0 0 0
.0013 2.64839e+16 0 0 0 0
.0015 2.63837e+16 0 0 0 0
.0017 2.62899e+16 0 0 0 0
.0018 2.62447e+16 0 0 0 0
.0021 2.61125e+16 0 0 0 0
.0023 2.60277e+16 0 0 0 0
.0026 2.59022e+16 0 0 0 0
.0029 2.5777e+16 0 0 0 0
.0032 2.56501e+16 0 0 0 0
.0035 2.55219e+16 0 0 0 0
.0039 2.53466e+16 0 0 0 0
.0044 2.51184e+16 0 0 0 0
.0049 2.48795e+16 0 0 0 0
.0054 2.46286e+16 0 0 0 0
.0061 2.42563e+16 0 0 0 0
.0068 2.3859e+16 0 0 0 0
.0075 2.34356e+16 0 0 0 0
.0084 2.2854e+16 0 0 0 0
.0093 2.22316e+16 0 0 0 0
.0104 2.14183e+16 0 0 0 0
.0115 2.05513e+16 0 0 0 0
.0128 1.94646e+16 0 0 0 0
.0143 1.81392e+16 0 0 0 0
.0159 1.66594e+16 0 0 0 0
.0177 1.4939e+16 0 0 0 0
.0197 1.29967e+16 0 0 0 0
.0219 1.08754e+16 0 0 0 0
.0244 8.55793e+15 0 0 0 0
.0271 6.25852e+15 0 0 0 0
.0302 3.99384e+15 0 0 0 0
.0335 2.13279e+15 0 0 0 0
.0373 7.59106e+14 0 0 0 0
.0415 1.10461e+14 0 0 0 0
.0462 5.23989e+12 0 0 0 0
.0514 3.29347e+11 0 0 0 0
.0572 9.34296e+08 0 0 0 0
.059 1e-02 0 0 0 0