.0019 2.96474e+16 0 0 0 0
.0022 2.92021e+16 0 0 0 0
.0025 2.87968e+16 0 0 0 0
.0029 2.83027e+16 0 0 0 0
.0033 2.78452e+16 0 0 0 0
.0038 2.73084e+16 0 0 0 0
.0043 2.67978e+16 0 0 0 0
.0049 2.62069e+16 0 0 0 0
.0056 2.55347e+16 0 0 0 0
.0064 2.47767e+16 0 0 0 0
.0073 2.39256e+16 0 0 0 0
.0083 2.29732e+16 0 0 0 0
.0095 2.18138e+16 0 0 0 0
.0108 2.05343e+16 0 0 0 0
.0123 1.90306e+16 0 0 0 0
.0141 1.71986e+16 0 0 0 0
.0160 1.52546e+16 0 0 0 0
.0183 1.29285e+16 0 0 0 0
.0208 1.0495e+16 0 0 0 0
.0238 7.80044e+15 0 0 0 0
.0271 5.238e+15 0 0 0 0
.0309 2.93289e+15 0 0 0 0
.0352 1.22342e+15 0 0 0 0
.0401 3.03375e+14 0 0 0 0
.0457 4.10476e+13 0 0 0 0
.0520 3.70764e+12 0 0 0 0
.0593 4.48004e+10 0 0 0 0
.0676 0 0 0 0 0
.0770 0 0 0 0 0
.0877 0 0 0 0 0
.1000 0 0 0 0 0
