.0019 4.30555e+14 0 0 0 0
.0024 4.2011e+14 0 0 0 0
.0029 4.11035e+14 0 0 0 0
.0035 4.01222e+14 0 0 0 0
.0043 3.89194e+14 0 0 0 0
.0053 3.75022e+14 0 0 0 0
.0064 3.59867e+14 0 0 0 0
.0078 3.40632e+14 0 0 0 0
.0095 3.16891e+14 0 0 0 0
.0116 2.86753e+14 0 0 0 0
.0141 2.4997e+14 0 0 0 0
.0171 2.05563e+14 5.19978e+12 0 0 0
.0208 1.52795e+14 5.02673e+12 0 0 0
.0254 9.48603e+13 4.8183e+12 0 0 0
.0309 4.31257e+13 4.57057e+12 0 0 0
.0375 1.02283e+13 4.26908e+12 0 0 0
.0457 7.50498e+11 3.88458e+12 0 0 0
.0555 2.46369e+10 3.41298e+12 0 0 0
.0676 0 2.82474e+12 4.08901e+08 0 3.64181e+10
.0822 0 2.13551e+12 7.55287e+08 0 3.85079e+10
.1000 0 1.38058e+12 1.59661e+09 0 4.2329e+10
.1000 0 1.38058e+12 1.59661e+09 0 4.2329e+10
.1139 0 8.93781e+11 2.8659e+09 0 4.66715e+10
.1298 0 4.74046e+11 5.59986e+09 3.29134e+10 5.37869e+10
.1479 0 1.80038e+11 1.20189e+10 4.59967e+10 6.62723e+10
.1685 0 4.00219e+10 2.87259e+10 7.06086e+10 9.08837e+10
.1920 0 5.9709e+09 7.79094e+10 1.27713e+11 1.50397e+11
.2187 0 6.30084e+08 2.4374e+11 3.18351e+11 3.64993e+11
.2492 0 1.23131e+07 9.09187e+11 1.41348e+12 5.25157e+12
.2840 0 0 2.5871e+11 6.37424e+11 7.34665e+11
.3236 0 0 2.80584e+10 1.36788e+11 1.86674e+11
.3686 0 0 3.19538e+09 4.9236e+10 1.07416e+11
.4200 0 0 0 0 6.89246e+10
.4786 0 0 0 0 9.50154e+09
.5453 0 0 0 0 9.78214e+08
.6213 0 0 0 0 1.46639e+08
.7080 0 0 0 0 2.7785e+07
.8065 0 0 0 0 5.96914e+06
.9189 0 0 0 0 1.3761e+06
1.0470 0 0 0 0 332826
1.1927 0 0 0 0 83449.1
1.3592 0 0 0 0 21361
1.5486 0 0 0 0 5588.92
1.7642 0 0 0 0 1490.01
2.0103 0 0 0 0 404.877
2.2907 0 0 0 0 0
2.6096 0 0 0 0 0
