.0010 9.2725e+14 0 0 0 0
.0011 9.25236e+14 0 0 0 0
.0012 9.23341e+14 0 0 0 0
.0013 9.21543e+14 0 0 0 0
.0015 9.18166e+14 0 0 0 0
.0017 9.14999e+14 0 0 0 0
.0018 9.13471e+14 0 0 0 0
.0021 9.08949e+14 0 0 0 0
.0023 9.06073e+14 0 0 0 0
.0026 9.01805e+14 0 0 0 0
.0029 8.97536e+14 0 0 0 0
.0032 8.93168e+14 0 0 0 0
.0035 8.88781e+14 0 0 0 0
.0039 8.82772e+14 0 0 0 0
.0044 8.74909e+14 0 0 0 0
.0049 8.66687e+14 0 0 0 0
.0054 8.58017e+14 0 0 0 0
.0061 8.45148e+14 0 0 0 0
.0068 8.31411e+14 0 0 0 0
.0075 8.16745e+14 0 0 0 0
.0084 7.96585e+14 0 0 0 0
.0093 7.74994e+14 0 0 0 0
.0104 7.46765e+14 0 0 0 0
.0115 7.16653e+14 0 0 0 0
.0128 6.78892e+14 0 0 0 0
.0143 1.81392e+16 0 0 0 0
.0159 5.81338e+14 1.17519e+13 0 0 0
.0177 5.21469e+14 1.16594e+13 0 0 0
.0197 4.53849e+14 1.15518e+13 0 0 0
.0219 3.79972e+14 1.14271e+13 0 0 0
.0244 2.99222e+14 1.12771e+13 0 0 0
.0271 2.1906e+14 1.11047e+13 0 0 0
.0302 1.40054e+14 1.08935e+13 0 0 0
.0335 7.50575e+13 1.0653e+13 0 0 0
.0373 2.69865e+13 1.03568e+13 0 0 0
.0415 4.15079e+12 1.00063e+13 0 0 0
.0462 2.92039e+11 9.58756e+12 0 0 0
.0514 3.72375e+10 9.09482e+12 0 0 0
.0572 1.80988e+09 8.51382e+12 0 0 0
.0636 43583.8 7.84203e+12 0 0 0
.0708 0 7.05927e+12 4.77545e+09 0 3.68105e+10
.0787 0 6.18392e+12 6.65588e+09 0 3.79332e+10
.0876 0 5.20069e+12 9.6758e+09 0 3.94985e+10
.0974 0 4.15363e+12 1.46102e+10 0 4.16641e+10
.1084 0 3.06507e+12 2.32075e+10 0 4.47804e+10
.1205 0 2.0241e+12 3.86218e+10 0 4.92951e+10
.1341 0 1.10348e+12 6.84977e+10 1.6669e+10 5.62432e+10
.1491 0 4.30819e+11 1.28963e+11 2.21266e+10 6.73344e+10
.1659 0 7.87723e+10 2.62273e+11 3.14662e+10 8.68546e+10
.1846 0 5.25615e+09 5.79117e+11 4.97964e+10 1.25722e+11
.2053 0 6.94138e+08 1.39621e+12 9.51211e+10 2.21028e+11
.2284 0 4.37291e+07 3.74741e+12 2.79456e+11 5.87609e+11
.2541 0 29693.7 1.1343e+13 5.08785e+12 3.28898e+13
.2826 0 0 2.7948e+12 6.09917e+11 7.95879e+11
.3144 0 0 4.50699e+11 1.02555e+11 2.31322e+11
.3497 0 0 6.09043e+10 3.692e+10 1.24934e+11
.3890 0 0 0 1.74465e+10 9.71535e+10
.4327 0 0 0 0 5.02039e+10
.4814 0 0 0 0 8.54319e+09
.5354 0 0 0 0 1.31663e+09
.5957 0 0 0 0 2.61176e+08
.6625 0 0 0 0 6.34614e+07
.7371 0 0 0 0 1.70984e+07
.8197 0 0 0 0 4.95644e+06
.9120 0 0 0 0 1.4956e+06
1.0143 0 0 0 0 468330
1.1283 0 0 0 0 149928
1.2550 0 0 0 0 48945.2
1.3962 0 0 0 0 16184.3
1.5530 0 0 0 0 5429.36
1.7277 0 0 0 0 1839.67
1.9216 0 0 0 0 633.13
2.1378 0 0 0 0 0.0000001
2.3778 0 0 0 0 0.0000001
2.6453 0 0 0 0 0.0000001
