.0010 1.19223e+13 0 0 0 0
.0011 1.18955e+13 0 0 0 0
.0012 1.18703e+13 0 0 0 0
.0013 1.18465e+13 0 0 0 0
.0015 1.18018e+13 0 0 0 0
.0017 1.17599e+13 0 0 0 0
.0018 1.17398e+13 0 0 0 0
.0021 1.16802e+13 0 0 0 0
.0023 1.16424e+13 0 0 0 0
.0026 1.15864e+13 0 0 0 0
.0029 1.15305e+13 0 0 0 0
.0032 1.14734e+13 0 0 0 0
.0035 1.14161e+13 0 0 0 0
.0039 1.13379e+13 0 0 0 0
.0044 1.12355e+13 0 0 0 0
.0049 1.1129e+13 0 0 0 0
.0054 1.10166e+13 0 0 0 0
.0061 1.08501e+13 0 0 0 0
.0068 1.06726e+13 0 0 0 0
.0075 1.04832e+13 0 0 0 0
.0084 1.02232e+13 0 0 0 0
.0093 9.94494e+12 0 0 0 0
.0104 9.58139e+12 0 0 0 0
.0115 9.19384e+12 0 0 0 0
.0128 8.70814e+12 5.09691e+11 0 0 0
.0143 8.11569e+12 5.0655e+11 0 0 0
.0159 7.45435e+12 5.03116e+11 0 0 0
.0177 6.68545e+12 4.99101e+11 0 0 0
.0197 5.8174e+12 4.94449e+11 0 0 0
.0219 4.86945e+12 4.89069e+11 0 0 0
.0244 3.83379e+12 4.82597e+11 0 0 0
.0271 2.80617e+12 4.7517e+11 0 0 0
.0302 1.79388e+12 4.66078e+11 0 0 0
.0335 9.61535e+11 4.55738e+11 0 0 0
.0373 3.4622e+11 4.43009e+11 0 0 0
.0415 5.38147e+10 4.27964e+11 0 0 0
.0462 3.89724e+09 4.09997e+11 0 0 0
.0514 4.97123e+08 3.88869e+11 0 0 0
.0572 2.41644e+07 3.63971e+11 0 0 0
.0636 581.926 3.35196e+11 0 0 0
.0708 0 3.01683e+11 0 0 5.06769e+09
.0787 0 2.64222e+11 0 0 5.19699e+09
.0876 0 2.22168e+11 0 0 5.38226e+09
.0974 0 1.77401e+11 0 0 5.64446e+09
.1084 0 1.30882e+11 0 0 6.02886e+09
.1205 0 8.64195e+10 0 0 6.59416e+09
.1341 0 4.7118e+10 0 0 7.47439e+09
.1491 0 1.84164e+10 0 0 8.89188e+09
.1659 0 3.3934e+09 0 0 1.1402e+10
.1846 0 2.33699e+08 0 0 1.64192e+10
.2053 0 3.08885e+07 0 0 2.87472e+10
.2284 0 1.94612e+06 0 0 7.62038e+10
.2541 0 1321.55 0 0 4.25895e+11
.2826 0 0 0 0 1.0306e+11
.3144 0 0 0 0 3.00001e+10
.3497 0 0 0 0 1.62515e+10
.3890 0 0 0 0 1.2694e+10
.4327 0 0 0 0 6.59762e+09
.4814 0 0 0 0 1.13062e+09
.5354 0 0 0 0 1.75663e+08
.5957 0 0 0 0 3.51636e+07
.6625 0 0 0 0 8.62839e+06
.7371 0 0 0 0 2.34902e+06
.8197 0 0 0 0 688177
.9120 0 0 0 0 209864
1.0143 0 0 0 0 66381.7
1.1283 0 0 0 0 21447.1
1.2550 0 0 0 0 7055.88
1.3962 0 0 0 0 2346.21
1.5530 0 0 0 0 789.024
1.7277 0 0 0 0 266.741
1.9216 0 0 0 0 90.8557
2.1378 0 0 0 0 30.984
2.3778 0 0 0 0 10.6188
2.6453 0 0 0 0 3.63874
2.9420 0 0 0 0 1.25246
3.2729 0 0 0 0 0.430312
3.6404 0 0 0 0 0.148202
4.0499 0 0 0 0 0.0509743
4.5046 0 0 0 0 0.0175726
5.0113 0 0 0 0 0.00604791
