.0010 4.13967e+15 0 0 0 0
.0011 4.13038e+15 0 0 0 0
.0012 4.12165e+15 0 0 0 0
.0013 4.11337e+15 0 0 0 0
.0015 4.09784e+15 0 0 0 0
.0017 4.0833e+15 0 0 0 0
.0018 4.0763e+15 0 0 0 0
.0021 4.05561e+15 0 0 0 0
.0023 4.04248e+15 0 0 0 0
.0026 4.02304e+15 0 0 0 0
.0029 4.00363e+15 0 0 0 0
.0032 3.98381e+15 0 0 0 0
.0035 3.96394e+15 0 0 0 0
.0039 3.93677e+15 0 0 0 0
.0044 3.90123e+15 0 0 0 0
.0049 3.86423e+15 0 0 0 0
.0054 3.82522e+15 0 0 0 0
.0061 3.7674e+15 0 0 0 0
.0068 3.70576e+15 0 0 0 0
.0075 3.64001e+15 0 0 0 0
.0084 3.54972e+15 0 0 0 0
.0093 3.4531e+15 0 0 0 0
.0104 3.32687e+15 0 0 0 0
.0115 3.19231e+15 0 0 0 0
.0128 3.02366e+15 1.76976e+14 0 0 0
.0143 2.81795e+15 1.75885e+14 0 0 0
.0159 2.58832e+15 1.74693e+14 0 0 0
.0177 2.32134e+15 1.73299e+14 0 0 0
.0197 2.01993e+15 1.71684e+14 0 0 0
.0219 1.69078e+15 1.69816e+14 0 0 0
.0244 1.33118e+15 1.67568e+14 0 0 0
.0271 9.74366e+14 1.6499e+14 0 0 0
.0302 6.22875e+14 1.61833e+14 0 0 0
.0335 3.33866e+14 1.58242e+14 0 0 0
.0373 1.20215e+14 1.53822e+14 0 0 0
.0415 1.86857e+13 1.48599e+14 0 0 0
.0462 1.35321e+12 1.4236e+14 0 0 0
.0514 1.72612e+11 1.35024e+14 0 0 0
.0572 8.39041e+09 1.26379e+14 0 0 0
.0636 202057 1.16387e+14 0 0 0
.0708 0 1.04751e+14 0 0 4.22307e+11
.0787 0 9.17438e+13 0 0 4.33082e+11
.0876 0 7.71415e+13 0 0 4.48522e+11
.0974 0 6.15976e+13 0 0 4.70372e+11
.1084 0 4.54452e+13 0 0 5.02405e+11
.1205 0 3.00068e+13 0 0 5.49513e+11
.1341 0 1.63604e+13 0 0 6.22866e+11
.1491 0 6.39458e+12 0 0 7.4099e+11
.1659 0 1.17826e+12 0 0 9.50163e+11
.1846 0 8.11454e+10 0 0 1.36827e+12
.2053 0 1.07252e+10 0 0 2.3956e+12
.2284 0 6.75737e+08 0 0 6.35032e+12
.2541 0 458872 0 0 3.54912e+14
.2826 0 0 0 0 8.58833e+12
.3144 0 0 0 0 2.50001e+12
.3497 0 0 0 0 1.35429e+12
.3890 0 0 0 0 1.05784e+12
.4327 0 0 0 0 5.49801e+11
.4814 0 0 0 0 9.42185e+10
.5354 0 0 0 0 1.46386e+10
.5957 0 0 0 0 2.9303e+09
.6625 0 0 0 0 7.19033e+08
.7371 0 0 0 0 1.95751e+08
.8197 0 0 0 0 5.73481e+07
.9120 0 0 0 0 1.74886e+07
1.0143 0 0 0 0 5.5318e+06
1.1283 0 0 0 0 1.78726e+06
1.2550 0 0 0 0 587990
1.3962 0 0 0 0 195517
1.5530 0 0 0 0 65752
1.7277 0 0 0 0 22228.4
1.9216 0 0 0 0 7571.31
2.1378 0 0 0 0 2582
2.3778 0 0 0 0 884.901
2.6453 0 0 0 0 303.228
2.9420 0 0 0 0 104.371
3.2729 0 0 0 0 35.8594
3.6404 0 0 0 0 12.3501
4.0499 0 0 0 0 4.24786
4.5046 0 0 0 0 1.46438
5.0113 0 0 0 0 0.503993
