.0019 1.78208e+15 0 0 0 0
.0025 1.73098e+15 0 0 0 0
.0033 1.6738e+15 0 0 0 0
.0043 1.61089e+15 0 0 0 0
.0056 1.53503e+15 0 0 0 0
.0073 1.4384e+15 0 0 0 0
.0095 1.31162e+15 0 0 0 0
.0123 1.14457e+15 0 0 0 0
.0160 9.17985e+14 5.13922e+13 0 0 0
.0208 6.32423e+14 4.91774e+13 0 0 0
.0271 3.16963e+14 4.63902e+13 0 0 0
.0352 7.55552e+13 4.28004e+13 0 0 0
.0457 3.10634e+12 3.80036e+13 0 0 0
.0593 1.55948e+10 3.15814e+13 0 0 0
.0770 0 2.3246e+13 0 0 3.8318e+10
.1000 0 1.35064e+13 0 0 4.30402e+10
.1169 0 7.85514e+12 0 0 4.86034e+10
.1367 0 3.32293e+12 0 0 5.88037e+10
.1599 0 7.70727e+11 0 0 7.99784e+10
.1870 0 8.67368e+10 0 0 1.34976e+11
.2187 0 6.16423e+09 0 0 3.70389e+11
.2558 0 2.82778e+07 0 0 1.03561e+14
.2992 0 0 0 0 3.75042e+11
.3499 0 0 0 0 1.26177e+11
.4093 0 0 0 0 8.31839e+10
.4786 0 0 0 0 9.58944e+09
.5597 0 0 0 0 6.55511e+08
.6546 0 0 0 0 7.43464e+07
.7656 0 0 0 0 1.0943e+07
.8953 0 0 0 0 1.83316e+06
1.0470 0 0 0 0 330729
1.2245 0 0 0 0 62477.6
1.4320 0 0 0 0 12178.7
1.6748 0 0 0 0 2421.5
1.9587 0 0 0 0 488.531
2.2907 0 0 0 0 99.5523
2.6788 0 0 0 0 20.4424
3.1330 0 0 0 0 4.21395
3.6641 0 0 0 0 0.872026
4.2849 0 0 0 0 0.18106
5.0113 0 0 0 0 0.0376318
25 0 0 0 0 1e-20
