.000050 9.73042e+14 0 0 0 0
.0050 9.73042e+14 0 0 0 0
.0057 9.48079e+14 0 0 0 0
.0066 9.16329e+14 0 0 0 0
.0075 8.84582e+14 0 0 0 0
.0087 8.41846e+14 0 0 0 0
.0100 7.94709e+14 0 0 0 0
.0114 7.4297e+14 0 0 0 0
.0131 6.78975e+14 1.39992e+13 0 0 0
.0151 6.02801e+14 1.37315e+13 0 0 0
.0173 5.19256e+14 1.34527e+13 0 0 0
.0199 4.23227e+14 1.31361e+13 0 0 0
.0229 3.19683e+14 1.27806e+13 0 0 0
.0263 2.1671e+14 1.23828e+13 0 0 0
.0302 1.23054e+14 1.19271e+13 0 0 0
.0346 5.24274e+13 1.14085e+13 0 0 0
.0398 1.25007e+13 1.07857e+13 0 0 0
.0457 1.53565e+12 1.00646e+13 0 0 0
.0524 1.16751e+11 9.23017e+12 0 0 0
.0602 6.6454e+08 8.24635e+12 0 0 0
.0691 0 7.12456e+12 0 0 3.72298e+10
.0794 0 5.85709e+12 0 0 3.86953e+10
.0912 0 4.49124e+12 0 0 4.09168e+10
.1047 0 3.10515e+12 0 0 4.43704e+10
.1084 0 2.76616e+12 0 0 4.5527e+10
.1085 0 2.75729e+12 0 0 4.55596e+10
.1086 0 2.74843e+12 0 0 4.55924e+10
.1087 0 2.73958e+12 0 0 4.56253e+10
.1089 0 2.72193e+12 0 0 4.56912e+10
.1000 0 3.56234e+12 0 0 4.30402e+10
.1084 0 2.76616e+12 0 0 4.5527e+10
.1175 0 2.01765e+12 0 0 4.88452e+10
.1202 0 1.81991e+12 0 0 4.99773e+10
.1273 0 1.35511e+12 0 0 5.33358e+10
.1380 0 8.0547e+11 0 0 5.96689e+10
.1496 0 4.03639e+11 0 0 6.88735e+10
.1585 0 2.13498e+11 0 0 7.82641e+10
.1622 0 1.59254e+11 0 0 8.29582e+10
.1758 0 4.89761e+10 0 0 1.05874e+11
.1819 0 2.83672e+10 0 0 1.20204e+11
.1905 0 1.31921e+10 0 0 1.4699e+11
.2065 0 2.9721e+09 0 0 2.33398e+11
.2089 0 2.33456e+09 0 0 2.53309e+11
.2238 0 4.155e+08 0 0 4.68289e+11
.2399 0 2.71402e+07 0 0 1.35992e+12
.2426 0 1.42224e+07 0 0 1.80466e+12
.2630 0 0 0 0 7.6438e+12
.2754 0 0 0 0 1.318e+12
.2851 0 0 0 0 7.00993e+11
.3090 0 0 0 0 2.71844e+11
.3162 0 0 0 0 2.23842e+11
.3350 0 0 0 0 1.53388e+11
.3630 0 0 0 0 1.12631e+11
.3935 0 0 0 0 9.58405e+10
.4169 0 0 0 0 7.39439e+10
.4266 0 0 0 0 5.99024e+10
.4624 0 0 0 0 1.78468e+10
.4786 0 0 0 0 9.58944e+09
.5012 0 0 0 0 4.14956e+09
.5495 0 0 0 0 8.72654e+08
.6309 0 0 0 0 1.20233e+08
.7244 0 0 0 0 2.11282e+07
.8317 0 0 0 0 4.2023e+06
.9550 0 0 0 0 898258
1.0964 0 0 0 0 201685
1.2588 0 0 0 0 46728.6
1.4454 0 0 0 0 11057.7
1.6594 0 0 0 0 2662.36
1.9054 0 0 0 0 647.175
2.1875 0 0 0 0 158.884
2.5118 0 0 0 0 39.1731
2.8837 0 0 0 0 9.71745
3.3111 0 0 0 0 2.41532
3.8015 0 0 0 0 0.602374
4.3649 0 0 0 0 0.150381
5.0113 0 0 0 0 0.0376318
25 0 0 0 0 1e-20
