2.5118864315095806 518.6428016170648 518.6428016170662
2.5644840365177175 396.7424636669585 566.0358878972821
2.6181830082189856 382.7333594019769 589.6988294861255
2.673006408663312 371.1055188193115 606.5981716936703
2.7289777828080415 361.21304122842577 622.3439565921441
2.786121168629771 352.77398122985295 638.9894195334438
2.844461107447916 345.49519521216405 659.6346276305102
2.904022654464451 339.13061670893825 688.3090289846172
2.964831389524343 333.4890047971843 718.9728951586773
3.026913428101306 328.4010122231094 743.4213122677418
3.090295432513591 323.7361451692886 764.2406977618102
3.155004623374627 319.4077787880391 783.5001388237296
3.221068791283435 315.3552160996806 802.086916209233
3.288516308759831 311.5339723282773 820.5395395974691
3.357376142429547 307.9102916876136 839.2385156812588
3.427677865464504 304.4578401439606 858.5281304940396
3.4994516702835736 301.15573246418984 878.8158592068414
3.5727283815192896 298.00336519831893 900.6689202796027
3.647539469256079 295.0263863545218 924.5211126091144
3.7239170625456866 292.23793361582614 948.8084754233414
3.801893963205613 289.63785713972555 971.5326891525712
3.881503659906484 287.2175387238246 991.8290812511758
3.9627803425543964 284.9639137099944 1009.7487375433765
4.045758916974428 282.86223517433234 1025.9214096666135
4.130475019901615 280.89773204444305 1041.2003265749318
4.216965034285824 279.0564858886105 1056.10818821355
4.305266104917108 277.3258200644761 1071.0191801796552
4.395416154378247 275.6942611315199 1086.276197633226
4.4874538993313235 274.14780468659325 1102.275739036908
4.581418867145335 272.6713929221271 1119.5892088723176
4.677351412871984 271.2534663188156 1139.0697319527294
4.77529273657691 269.88505460435084 1161.1112192692315
4.875284901033864 268.5590120076933 1185.4498451640588
4.977370849789361 267.2695182289198 1211.105207140734
5.081594425605608 266.0117400423373 1236.6133541939873
5.188000389289613 264.78159424047993 1260.751617780951
5.2966344389165805 263.57557682222284 1283.479360723429
5.407543229455811 262.3906367900037 1305.5087188914658
5.520774392807575 261.2240807440113 1327.3628786169857
5.636376558259546 260.0734991777533 1349.4760991743779
5.754399373371572 258.93670831455864 1372.2902136368305
5.874893525297769 257.81170319988115 1396.348496138047
5.9979107625550965 256.6966329093814 1422.1814085105814
6.123503917247739 255.59145426062386 1449.4609557853896
6.25172692775686 254.4993659250883 1477.380171265628
6.3826348619054905 253.42362653914492 1505.032146753682
6.516283940608431 252.36707619378117 1531.6741501502581
6.652731562017417 251.33208535660717 1556.8650414085885
6.792036326171848 250.32053556105433 1580.5505391388215
6.934258060165696 249.33382812155227 1603.1855197767654
7.079457843841381 248.372914818489 1625.169378507878
7.227698036021706 247.43834361876395 1646.7861045320244
7.379042301291014 246.5303127953967 1668.2592536521233
7.533555637337178 245.6487278609714 1689.782163337285
7.691304402866101 244.79325711387182 1711.5377493583064
7.852356346100721 243.9633829909577 1733.714550385986
8.016780633876795 243.158447628073 1756.5232698573407
8.184647881347903 242.377691966739 1780.218102459694
8.356030182312486 241.62028840378986 1805.1293369540608
8.531001140175901 240.88536731868632 1831.5758284739577
8.709635899560814 240.17203602661402 1859.5612413746062
8.892011178579489 239.47939567742813 1888.9441267589295
9.078205301781862 238.80655688380125 1919.4759896312448
9.268298233793494 238.15264902882151 1950.8099969599464
9.462371613657933 237.51682680963341 1982.5353079797173
9.660508789898138 236.89827473215513 2014.229483117961
9.862794856312108 236.29621000009408 2045.511542365814
10.069316688518047 235.70988416330164 2076.078755166552
10.280162981264738 235.13858382158648 2105.7456295724405
10.49542428652323 234.58163062119314 2134.630272898329
10.715193052376069 234.0383807318754 2162.951139267839
10.939563662720943 233.50822395201445 2190.8805859182467
11.168632477805613 232.99058255636479 2218.5597065599054
11.402497875611694 232.48490997465674 2246.108899425937
11.641260294104917 231.99068936829042 2273.635011598671
11.885022274370193 231.50743215582747 2301.2364923622313
12.133888504649779 231.03467652496724 2329.007386618097
12.387965865303693 230.57198595860814 2357.0406926346295
12.647363474711522 230.11894779474406 2385.4314530114425
12.912192736135351 229.67517183390999 2414.2798649613032
13.182567385564075 229.24028900340784 2443.6600682138833
13.458603540559483 228.81395008371857 2473.5422316325307
13.740419750125154 228.39582450040714 2503.8707025096537
14.028137045619586 227.9855991823996 2534.585040748646
14.321878992735433 227.58297748636537 2565.6212946098008
14.621771744567187 227.1876781858303 2596.9134164537318
14.927944095789963 226.79943452294813 2628.3947319137756
15.240527537972914 226.4179933203873 2659.9993735900753
15.559656316050749 226.04311415048016 2691.6635991549974
15.885467485977793 225.67456855863657 2723.355665522467
16.218100973589298 225.31213933793111 2755.148972211984
16.55769963469529 224.95561985180845 2787.13774569999
16.904409316432645 224.60481340188474 2819.415433203127
17.258378919902047 224.2595326379308 2852.0774017587096
17.619760464116297 223.91959900723992 2885.2236615956094
17.98870915128788 223.58484224071296 2918.961835515246
18.365383433483466 223.25509987313728 2953.410626343018
18.7499450806742 222.9302167952884 2988.70410808513
19.142559250210862 222.61004483561737 3024.982789696958
19.543394557753945 222.29444236944812 3062.216916572441
19.952623149688804 221.98327395372903 3100.227197836457
20.370420777057195 221.67640998553156 3138.8040455835944
20.79696687103697 221.37372638261024 3177.7213271807277
21.23244462000221 221.07510428445866 3216.7496932279364
21.677041048196955 220.78042977236748 3255.6697552169394
22.1309470960564 220.4895936073461 3294.283119183888
22.59435770220979 220.2024909842116 3332.4199683039137
23.067471887200707 219.91902130122511 3369.9538970289877
23.550492838960114 219.63908794384494 3406.9629575830813
24.043628000069354 219.36259808173668 3443.6536231060427
24.547089156850316 219.0894624781098 3480.208389458185
25.061092530321165 218.8195953105271 3516.792339284335
25.585858869056473 218.55291400240876 3553.5616400015274
26.121613543992083 218.28933906450104 3590.6705496461223
26.66858664521482 218.02879394563777 3628.2778879732164
27.227013080779138 217.7712048921753 3666.5537611983705
27.797132677592902 217.51650081551938 3705.68735778851
28.379190284415593 217.26461316721262 3745.8960377018866
28.97343587701325 217.01547582108503 3787.3389683267756
29.58012466551547 216.76902496201066 3830.002461272548
30.19951720402019 216.52519898084088 3873.8351359346016
30.831879502493575 216.28393837511936 3918.7659736270984
31.47748314101318 216.0451856552122 3964.704196376801
32.13660538640321 215.80888525551057 4011.540239864874
32.809529311311934 215.5749834503897 4059.1479015761606
33.4965439157828 215.3434282746255 4107.387606194611
34.19794425137092 215.11416944799979 4156.110579690604
34.914031547858656 214.88715830383364 4205.173874675328
35.64511334262445 214.66234772117554 4254.516943062836
36.39150361272076 214.439692060614 4304.119627803815
37.15352290971729 214.21914710308218 4353.962381630117
37.93149849736823 214.00066999197423 4404.026072840799
38.725764492161765 213.7842191780427 4454.292042913653
39.53666200681284 213.56975436703462 4504.742156503139
40.36453929676053 213.35723646989499 4555.358843911119
41.209751909733065 213.1466275553863 4606.125136230575
42.07266283844445 212.9378908049876 4657.02472040595
42.953642676488776 212.7309904699475 4708.051792003562
43.853069777498625 212.52589183036633 4759.225112275599
44.77133041763629 212.32256115619853 4810.566475601634
45.70881896148755 212.12096567006768 4862.0969996563
46.665938031428894 211.92107351179666 4913.837237878031
47.643098680541584 211.72285370455845 4965.807280651884
48.640720569146175 211.5262761225617 5018.026847079012
49.65923214503361 211.3313114601907 5070.515368906419
50.699070827470464 211.13793120251802 5123.292067950436
51.76068319505678 210.94610759712347 5176.376028154068
52.84452517751808 210.75581362714956 5229.790125273467
53.95106225151279 210.5670229855257 5283.584274043808
55.080769640540396 210.379710050309 5337.82045291501
56.234132519034915 210.19384986107653 5392.561921419932
57.41164622073277 210.0094180963236 5447.873859268382
58.6138164514029 209.82639105181204 5503.824078497039
59.84115950603199 209.64474561976508 5560.4837879544775
61.09420249055724 209.46445926917355 5617.928434431353
62.373483548241964 209.28551002647632 5676.23864867095
63.679552090791624 209.10787645741942 5735.501330314018
65.01296903430912 208.9315376494735 5795.810782413779
66.37430704019094 208.75647319498856 5857.22700547253
67.76415076106751 208.58266317502242 5919.707020190442
69.18309709189366 208.4100881438101 5983.18450613576
70.63175542629628 208.23872911383967 6047.585065283615
72.11074791828999 208.06856754151482 6112.827069636928
73.62070974947365 207.89958531336794 6178.822735107704
75.16228940182059 207.73176473280654 6245.479384371858
76.73614893618195 207.56508850736242 6312.70084873056
78.34296427662123 207.39953973642446 6380.388950131849
79.98342550070291 207.23510189943357 6448.445000422597
81.65823713585931 207.07175884451502 6516.794766147371
83.36811846196352 206.90949477753657 6585.485514807155
85.11380382023773 206.74829425156412 6654.602401971785
86.89604292863028 206.58814215670523 6724.230519758801
88.71560120379613 206.42902371032096 6794.455890525899
90.57326008982014 206.27092444758838 6865.366464844433
92.46981739382231 206.11383021240283 6937.053139932486
94.4060876285924 205.9577271486012 7009.610831961278
96.38290236239713 205.8026016914984 7083.139637871435
98.40111057611345 205.64844055965995 7157.74612690733
100.4615790278396 205.49523074719795 7233.542030433336
102.56519262514087 205.3429595159237 7310.560254296022
104.71285480508998 205.19161438813305 7388.730129864731
106.90548792226592 205.04118313947558 7467.967315638303
109.14403364487579 204.8916537920917 7548.1802526854135
111.42945335917305 204.7430146079846 7629.271290598589
113.76272858234326 204.59525408260973 7711.1379767413555
116.14486138403446 204.44836093867977 7793.6744616653
118.5768748167161 204.3023241201727 7876.772967203352
121.05981335504835 204.15713278653772 7960.325261328505
123.59474334445127 204.01277630708682 8044.2241770315
126.1827534590672 203.86924425557183 8128.409632790195
128.82495516931354 203.72652640493192 8212.939546099435
131.522483219224 203.58461272221177 8297.88937671985
134.27649611378655 203.44349336363908 8383.33366520517
137.08817661648555 203.303158669859 8469.346690985038
139.95873225726203 203.1635991613159 8556.003096438202
142.88939585111038 203.02480553378206 8643.378493003036
145.8814260275351 202.8867686540214 8731.550063934306
148.9361077710918 202.749479555589 8820.59717761048
152.05475297324972 202.61292943475885 8910.602025244842
155.2387009958084 202.47710964657412 9001.650297428734
158.48931924611153 202.34201170101935 9093.831915156978