9.7452e-4  5.9247e-9
9.8463e-4  5.9247e-9
9.9485e-4  5.9247e-9
1.0052e-3  5.9247e-9
1.0156e-3  5.9247e-9
1.0261e-3  5.9247e-9
1.0368e-3  6.0013e-9
1.0476e-3  6.0788e-9
1.0584e-3  6.0788e-9
1.0694e-3  6.0788e-9
1.0805e-3  6.0788e-9
1.0917e-3  6.0788e-9
1.1031e-3  6.0788e-9
1.1145e-3  6.0788e-9
1.1261e-3  6.1574e-9
1.1378e-3  6.1574e-9
1.1496e-3  6.1574e-9
1.1615e-3  6.1574e-9
1.1736e-3  6.1574e-9
1.1857e-3  6.237e-9
1.1981e-3  6.237e-9
1.2105e-3  6.237e-9
1.223e-3  6.237e-9
1.2357e-3  6.3176e-9
1.2486e-3  6.3176e-9
1.2615e-3  6.3992e-9
1.2746e-3  6.3992e-9
1.2879e-3  6.3992e-9
1.3012e-3  6.3992e-9
1.3147e-3  6.4819e-9
1.3284e-3  6.4819e-9
1.3422e-3  6.4819e-9
1.3561e-3  6.4819e-9
1.3702e-3  6.5657e-9
1.3844e-3  6.5657e-9
1.3987e-3  6.6506e-9
1.4133e-3  6.6506e-9
1.4279e-3  6.6506e-9
1.4428e-3  6.6506e-9
1.4577e-3  6.7365e-9
1.4729e-3  6.7365e-9
1.4881e-3  6.7365e-9
1.5036e-3  6.7365e-9
1.5192e-3  6.8236e-9
1.535e-3  6.8236e-9
1.5509e-3  6.8236e-9
1.567e-3  6.8236e-9
1.5833e-3  6.9118e-9
1.5997e-3  6.9118e-9
1.6163e-3  7.0011e-9
1.6331e-3  7.0011e-9
1.65e-3  7.0011e-9
1.6671e-3  7.0011e-9
1.6844e-3  7.0916e-9
1.7019e-3  7.0916e-9
1.7196e-3  7.0916e-9
1.7374e-3  7.0916e-9
1.7555e-3  7.1833e-9
1.7737e-3  7.1833e-9
1.7921e-3  7.1833e-9
1.8107e-3  7.1833e-9
1.8295e-3  7.1833e-9
1.8295e-3  7.2761e-9
1.8485e-3  7.3701e-9
1.8677e-3  7.3701e-9
1.8871e-3  7.3701e-9
1.9066e-3  7.3701e-9
1.9264e-3  7.3701e-9
1.9464e-3  7.4654e-9
1.9666e-3  7.4654e-9
1.987e-3  7.4654e-9
2.0077e-3  7.4654e-9
2.0285e-3  7.4654e-9
2.0496e-3  7.4654e-9
2.0708e-3  7.4654e-9
2.0923e-3  7.4654e-9
2.114e-3  7.4654e-9
2.136e-3  7.4654e-9
2.1581e-3  7.4654e-9
2.1805e-3  7.4654e-9
2.2032e-3  7.5619e-9
2.226e-3  7.5619e-9
2.2491e-3  7.5619e-9
2.2725e-3  7.5619e-9
2.2961e-3  7.5619e-9
2.3199e-3  7.6596e-9
2.344e-3  7.6596e-9
2.3683e-3  7.6596e-9
2.3929e-3  7.6596e-9
2.4177e-3  7.6596e-9
2.4428e-3  7.6596e-9
2.4682e-3  7.6596e-9
2.4938e-3  7.6596e-9
2.5197e-3  7.6596e-9
2.5458e-3  7.6596e-9
2.5723e-3  7.7586e-9
2.599e-3  7.7586e-9
2.6259e-3  7.7586e-9
2.6532e-3  7.7586e-9
2.6807e-3  7.8589e-9
2.7085e-3  7.8589e-9
2.7367e-3  7.8589e-9
2.7651e-3  7.8589e-9
2.7651e-3  7.9605e-9
2.7938e-3  8.0633e-9
2.8228e-3  8.0633e-9
2.852e-3  8.1675e-9
2.8817e-3  8.1675e-9
2.9116e-3  8.2731e-9
2.9418e-3  8.2731e-9
2.9418e-3  8.38e-9
2.9723e-3  8.4883e-9
3.0032e-3  8.4883e-9
3.0343e-3  8.598e-9
3.0343e-3  8.7092e-9
3.0658e-3  8.8217e-9
3.0976e-3  8.9357e-9
3.1298e-3  8.9357e-9
3.1623e-3  9.0512e-9
3.1623e-3  9.1682e-9
3.1623e-3  9.2867e-9
3.1951e-3  9.4067e-9
3.2283e-3  9.4067e-9
3.2618e-3  9.5283e-9
3.2618e-3  9.6515e-9
3.2618e-3  9.7762e-9
3.2618e-3  9.9026e-9
3.2956e-3  9.9026e-9
3.3298e-3  1.0031e-8
3.3644e-3  1.016e-8
3.3644e-3  1.0291e-8
3.3644e-3  1.0425e-8
3.3993e-3  1.0425e-8
3.4346e-3  1.0559e-8
3.4702e-3  1.0696e-8
3.4702e-3  1.0834e-8
3.5063e-3  1.0974e-8
3.5063e-3  1.1116e-8
3.5426e-3  1.1259e-8
3.5794e-3  1.1405e-8
3.6166e-3  1.1552e-8
3.6166e-3  1.1702e-8
3.6541e-3  1.1853e-8
3.6541e-3  1.2006e-8
3.692e-3  1.2006e-8
3.7303e-3  1.2161e-8
3.7303e-3  1.2318e-8
3.7691e-3  1.2478e-8
3.7691e-3  1.2639e-8
3.8082e-3  1.2802e-8
3.8477e-3  1.2968e-8
3.8876e-3  1.3135e-8
3.8876e-3  1.3305e-8
3.928e-3  1.3305e-8
3.9688e-3  1.3477e-8
4.01e-3  1.3651e-8
4.0516e-3  1.3828e-8
4.0936e-3  1.4006e-8
4.1361e-3  1.4187e-8
4.179e-3  1.4371e-8
4.2224e-3  1.4557e-8
4.2662e-3  1.4745e-8
4.3105e-3  1.4935e-8
4.3553e-3  1.4935e-8
4.3553e-3  1.5128e-8
4.4005e-3  1.5324e-8
4.4461e-3  1.5324e-8
4.4461e-3  1.5522e-8
4.4923e-3  1.5522e-8
4.4923e-3  1.5722e-8
4.5389e-3  1.5722e-8
4.5389e-3  1.5926e-8
4.586e-3  1.5926e-8
4.586e-3  1.6131e-8
4.6336e-3  1.6131e-8
4.6817e-3  1.634e-8
4.6817e-3  1.6551e-8
4.7303e-3  1.6551e-8
4.7794e-3  1.6551e-8
4.829e-3  1.6765e-8
4.8791e-3  1.6982e-8
4.9298e-3  1.7201e-8
4.9809e-3  1.7424e-8
5.0326e-3  1.7424e-8
5.0848e-3  1.7649e-8
5.1376e-3  1.7649e-8
5.1376e-3  1.7877e-8
5.1909e-3  1.8108e-8
5.2448e-3  1.8108e-8
5.2993e-3  1.8108e-8
5.3543e-3  1.8342e-8
5.4098e-3  1.8579e-8
5.466e-3  1.8579e-8
5.5227e-3  1.8819e-8
5.58e-3  1.9062e-8
5.6379e-3  1.9062e-8
5.6965e-3  1.9309e-8
5.7556e-3  1.9309e-8
5.8153e-3  1.9309e-8
5.8153e-3  1.9558e-8
5.8757e-3  1.9811e-8
5.9367e-3  1.9811e-8
5.9983e-3  2.0067e-8
6.0605e-3  2.0067e-8
6.1234e-3  2.0326e-8
6.187e-3  2.0326e-8
6.187e-3  2.0589e-8
6.2512e-3  2.0855e-8
6.3161e-3  2.0855e-8
6.3816e-3  2.1125e-8
6.4479e-3  2.1125e-8
6.4479e-3  2.1398e-8
6.5148e-3  2.1674e-8
6.5824e-3  2.1674e-8
6.6507e-3  2.1955e-8
6.7198e-3  2.1955e-8
6.7895e-3  2.1955e-8
6.86e-3  2.2238e-8
6.9312e-3  2.2238e-8
7.0031e-3  2.2526e-8
7.0758e-3  2.2526e-8
7.1492e-3  2.2817e-8
7.2234e-3  2.2817e-8
7.2984e-3  2.2817e-8
7.3742e-3  2.2817e-8
7.4507e-3  2.2817e-8
7.528e-3  2.2817e-8
7.6062e-3  2.3112e-8
7.6851e-3  2.3112e-8
7.7649e-3  2.3112e-8
7.8455e-3  2.3112e-8
7.9269e-3  2.3112e-8
8.0092e-3  2.341e-8
8.0923e-3  2.341e-8
8.0923e-3  2.3713e-8
8.1763e-3  2.4019e-8
8.2611e-3  2.4019e-8
8.3469e-3  2.433e-8
8.4335e-3  2.433e-8
8.4335e-3  2.4644e-8
8.5211e-3  2.4644e-8
8.6095e-3  2.4963e-8
8.6989e-3  2.5285e-8
8.7891e-3  2.5285e-8
8.8804e-3  2.5612e-8
8.9725e-3  2.5612e-8
9.0657e-3  2.5612e-8
9.1597e-3  2.5943e-8
9.2548e-3  2.5943e-8
9.3509e-3  2.6279e-8
9.4479e-3  2.6279e-8
9.546e-3  2.6279e-8
9.6451e-3  2.6618e-8
9.7452e-3  2.6618e-8
9.8463e-3  2.6618e-8
9.9485e-3  2.6618e-8
9.9485e-3  2.6962e-8
0.0101  2.7311e-8
0.0102  2.7311e-8
0.0102  2.7664e-8
0.0103  2.8021e-8
0.0104  2.8383e-8
0.0105  2.8383e-8
0.0105  2.875e-8
0.0106  2.9122e-8
0.0106  2.9498e-8
0.0107  2.9879e-8
0.0107  3.0266e-8
0.0108  3.0657e-8
0.0109  3.0657e-8
0.0109  3.1053e-8
0.0109  3.1454e-8
0.011  3.1861e-8
0.0111  3.2273e-8
0.0113  3.269e-8
0.0114  3.3112e-8
0.0115  3.354e-8
0.0116  3.3974e-8
0.0117  3.4413e-8
0.0119  3.4858e-8
0.0119  3.5308e-8
0.012  3.5308e-8
0.0121  3.5764e-8
0.0121  3.6227e-8
0.0122  3.6695e-8
0.0124  3.7169e-8
0.0124  3.7649e-8
0.0125  3.7649e-8
0.0126  3.8136e-8
0.0127  3.8629e-8
0.0127  3.9128e-8
0.0129  3.9634e-8
0.013  4.0146e-8
0.0131  4.0665e-8
0.0133  4.1191e-8
0.0133  4.1723e-8
0.0134  4.1723e-8
0.0136  4.2262e-8
0.0136  4.2808e-8
0.0137  4.3362e-8
0.0138  4.3922e-8
0.014  4.449e-8
0.0141  4.5065e-8
0.0143  4.5647e-8
0.0144  4.6237e-8
0.0146  4.6835e-8
0.0147  4.744e-8
0.0147  4.8053e-8
0.0149  4.8674e-8
0.015  4.9303e-8
0.0152  4.9941e-8
0.0153  5.0586e-8
0.0155  5.124e-8
0.0157  5.1902e-8
0.0158  5.2573e-8
0.016  5.2573e-8
0.016  5.3252e-8
0.0162  5.3941e-8
0.0162  5.4638e-8
0.0163  5.4638e-8
0.0165  5.5344e-8
0.0167  5.6059e-8
0.0167  5.6784e-8
0.0167  5.7518e-8
0.0168  5.8261e-8
0.0168  5.9014e-8
0.017  5.9777e-8
0.0172  6.0549e-8
0.0172  6.1332e-8
0.0172  6.2125e-8
0.0172  6.2928e-8
0.0174  6.3741e-8
0.0174  6.4565e-8
0.0174  6.5399e-8
0.0176  6.6244e-8
0.0176  6.7101e-8
0.0177  6.7968e-8
0.0177  6.8846e-8
0.0179  6.9736e-8
0.0179  7.0637e-8
0.0179  7.155e-8
0.0181  7.2475e-8
0.0181  7.3412e-8
0.0183  7.436e-8
0.0185  7.5322e-8
0.0185  7.6295e-8
0.0187  7.7281e-8
0.0187  7.828e-8
0.0187  7.9292e-8
0.0189  8.0316e-8
0.0191  8.1354e-8
0.0191  8.2406e-8
0.0193  8.3471e-8
0.0193  8.455e-8
0.0195  8.5643e-8
0.0195  8.6749e-8
0.0197  8.7871e-8
0.0199  8.9006e-8
0.0199  9.0157e-8
0.0201  9.1322e-8
0.0201  9.2502e-8
0.0203  9.3698e-8
0.0203  9.4909e-8
0.0205  9.6135e-8
0.0207  9.7378e-8
0.0209  9.8636e-8
0.0209  9.9911e-8
0.0209  1.012e-7
0.0211  1.0251e-7
0.0214  1.0384e-7
0.0216  1.0518e-7
0.0216  1.0654e-7
0.0218  1.0791e-7
0.022  1.0931e-7
0.0223  1.1072e-7
0.0225  1.1215e-7
0.0225  1.136e-7
0.0227  1.1507e-7
0.0227  1.1656e-7
0.023  1.1656e-7
0.0232  1.1806e-7
0.0232  1.1959e-7
0.0234  1.2113e-7
0.0234  1.227e-7
0.0237  1.2429e-7
0.0239  1.2589e-7
0.0242  1.2752e-7
0.0242  1.2917e-7
0.0244  1.3084e-7
0.0244  1.3253e-7
0.0244  1.3424e-7
0.0247  1.3598e-7
0.0249  1.3773e-7
0.0249  1.3951e-7
0.0252  1.4132e-7
0.0252  1.4314e-7
0.0252  1.4499e-7
0.0252  1.4687e-7
0.0255  1.4877e-7
0.0255  1.5069e-7
0.0257  1.5264e-7
0.0257  1.5461e-7
0.026  1.5661e-7
0.026  1.5863e-7
0.0263  1.6068e-7
0.0263  1.6276e-7
0.0263  1.6486e-7
0.0265  1.6699e-7
0.0265  1.6915e-7
0.0268  1.7134e-7
0.0268  1.7355e-7
0.0268  1.7579e-7
0.0271  1.7807e-7
0.0271  1.8037e-7
0.0274  1.827e-7
0.0274  1.8506e-7
0.0274  1.8745e-7
0.0274  1.8987e-7
0.0277  1.9233e-7
0.0277  1.9481e-7
0.0277  1.9733e-7
0.0279  1.9733e-7
0.0279  1.9988e-7
0.0282  2.0247e-7
0.0282  2.0508e-7
0.0285  2.0773e-7
0.0288  2.0773e-7
0.0288  2.1042e-7
0.0291  2.1314e-7
0.0294  2.1589e-7
0.0297  2.1868e-7
0.0297  2.2151e-7
0.0297  2.2437e-7
0.03  2.2727e-7
0.03  2.3021e-7
0.0303  2.3318e-7
0.0303  2.362e-7
0.0303  2.3925e-7
0.0307  2.4234e-7
0.0307  2.4547e-7
0.0307  2.4865e-7
0.0307  2.5186e-7
0.031  2.5512e-7
0.031  2.5841e-7
0.031  2.6175e-7
0.031  2.6514e-7
0.031  2.6856e-7
0.0313  2.7203e-7
0.0313  2.7555e-7
0.0316  2.7911e-7
0.0316  2.8272e-7
0.0316  2.8637e-7
0.0316  2.9007e-7
0.032  2.9382e-7
0.032  2.9762e-7
0.032  3.0147e-7
0.032  3.0536e-7
0.0323  3.0931e-7
0.0323  3.1331e-7
0.0326  3.1736e-7
0.0326  3.2146e-7
0.0326  3.2561e-7
0.0326  3.2982e-7
0.033  3.3408e-7
0.033  3.384e-7
0.033  3.4278e-7
0.0333  3.4721e-7
0.0333  3.5169e-7
0.0336  3.5169e-7
0.0336  3.5624e-7
0.034  3.6084e-7
0.034  3.6551e-7
0.0343  3.7023e-7
0.0343  3.7502e-7
0.0347  3.7986e-7
0.0351  3.8477e-7
0.0351  3.8974e-7
0.0354  3.9478e-7
0.0354  3.9988e-7
0.0358  3.9988e-7
0.0362  3.9988e-7
0.0365  4.0505e-7
0.0365  4.1029e-7
0.0365  4.1559e-7
0.0369  4.2096e-7
0.0369  4.264e-7
0.0369  4.3191e-7
0.0369  4.375e-7
0.0369  4.4315e-7
0.0369  4.4888e-7
0.0369  4.5468e-7
0.0369  4.6055e-7
0.0369  4.6651e-7
0.0369  4.7254e-7
0.0369  4.7864e-7
0.0369  4.8483e-7
0.0373  4.911e-7
0.0373  4.9744e-7
0.0373  5.0387e-7
0.0373  5.1038e-7
0.0373  5.1698e-7
0.0373  5.2366e-7
0.0377  5.3043e-7
0.0377  5.3729e-7
0.0381  5.4423e-7
0.0381  5.5126e-7
0.0381  5.5839e-7
0.0381  5.6561e-7
0.0385  5.7292e-7
0.0385  5.8032e-7
0.0385  5.8782e-7
0.0389  5.9542e-7
0.0389  6.0311e-7
0.0389  6.1091e-7
0.0393  6.1091e-7
0.0393  6.188e-7
0.0397  6.268e-7
0.0397  6.349e-7
0.0401  6.4311e-7
0.0401  6.5142e-7
0.0401  6.5984e-7
0.0405  6.6837e-7
0.0405  6.7701e-7
0.0409  6.7701e-7
0.0414  6.8576e-7
0.0414  6.9462e-7
0.0414  7.036e-7
0.0418  7.1269e-7
0.0422  7.219e-7
0.0422  7.3123e-7
0.0427  7.4068e-7
0.0431  7.5025e-7
0.0436  7.5025e-7
0.044  7.5025e-7
0.0445  7.5025e-7
0.0449  7.5995e-7
0.0449  7.6977e-7
0.0454  7.7972e-7
0.0454  7.898e-7
0.0459  8.0001e-7
0.0463  8.1035e-7
0.0463  8.2082e-7
0.0468  8.3143e-7
0.0468  8.4217e-7
0.0468  8.5306e-7
0.0468  8.6408e-7
0.0468  8.7525e-7
0.0468  8.8656e-7
0.0473  8.9802e-7
0.0473  9.0963e-7
0.0478  9.2139e-7
0.0478  9.3329e-7
0.0478  9.4536e-7
0.0478  9.5757e-7
0.0478  9.6995e-7
0.0483  9.8249e-7
0.0483  9.9518e-7
0.0483  1.008e-6
0.0483  1.0211e-6
0.0483  1.0343e-6
0.0488  1.0476e-6
0.0488  1.0612e-6
0.0488  1.0749e-6
0.0488  1.0888e-6
0.0493  1.0888e-6
0.0498  1.1029e-6
0.0498  1.1171e-6
0.0498  1.1316e-6
0.0503  1.1462e-6
0.0508  1.161e-6
0.0508  1.176e-6
0.0514  1.1912e-6
0.0519  1.2066e-6
0.0524  1.2222e-6
0.0524  1.238e-6
0.053  1.254e-6
0.0535  1.2702e-6
0.0535  1.2866e-6
0.0535  1.3032e-6
0.0541  1.3201e-6
0.0541  1.3371e-6
0.0541  1.3544e-6
0.0547  1.3719e-6
0.0547  1.3897e-6
0.0552  1.4076e-6
0.0552  1.4258e-6
0.0558  1.4442e-6
0.0564  1.4629e-6
0.0564  1.4818e-6
0.057  1.501e-6
0.0576  1.501e-6
0.0582  1.5204e-6
0.0588  1.54e-6
0.0588  1.5599e-6
0.0588  1.5801e-6
0.0594  1.5801e-6
0.0594  1.6005e-6
0.06  1.6212e-6
0.06  1.6421e-6
0.06  1.6634e-6
0.0606  1.6849e-6
0.0606  1.7066e-6
0.0606  1.7287e-6
0.0612  1.751e-6
0.0612  1.7737e-6
0.0612  1.7966e-6
0.0612  1.8198e-6
0.0619  1.8198e-6
0.0625  1.8433e-6
0.0625  1.8671e-6
0.0632  1.8913e-6
0.0638  1.8913e-6
0.0645  1.8913e-6
0.0651  1.8913e-6
0.0658  1.9157e-6
0.0665  1.9405e-6
0.0672  1.9656e-6
0.0679  1.991e-6
0.0679  2.0167e-6
0.0686  2.0428e-6
0.0686  2.0692e-6
0.0693  2.0959e-6
0.07  2.123e-6
0.07  2.1504e-6
0.07  2.1782e-6
0.0708  2.2064e-6
0.0708  2.2349e-6
0.0715  2.2638e-6
0.0715  2.293e-6
0.0715  2.3227e-6
0.0722  2.3227e-6
0.073  2.3527e-6
0.073  2.3831e-6
0.073  2.4139e-6
0.0737  2.4451e-6
0.0737  2.4767e-6
0.0737  2.5087e-6
0.0737  2.5411e-6
0.0737  2.574e-6
0.0737  2.6072e-6
0.0745  2.6409e-6
0.0745  2.6751e-6
0.0753  2.6751e-6
0.0753  2.7096e-6
0.0753  2.7447e-6
0.0753  2.7801e-6
0.0761  2.8161e-6
0.0761  2.8525e-6
0.0761  2.8893e-6
0.0761  2.9267e-6
0.0761  2.9645e-6
0.0769  3.0028e-6
0.0769  3.0416e-6
0.0776  3.0416e-6
0.0785  3.0809e-6
0.0785  3.1208e-6
0.0785  3.1611e-6
0.0793  3.2019e-6
0.0793  3.2433e-6
0.0793  3.2852e-6
0.0793  3.3277e-6
0.0793  3.3707e-6
0.0793  3.4143e-6
0.0801  3.4584e-6
0.0801  3.5031e-6
0.0801  3.5484e-6
0.0801  3.5942e-6
0.0809  3.5942e-6
0.0818  3.6407e-6
0.0818  3.6877e-6
0.0818  3.7354e-6
0.0826  3.7837e-6
0.0826  3.8326e-6
0.0826  3.8821e-6
0.0826  3.9323e-6
0.0826  3.9831e-6
0.0826  4.0346e-6
0.0835  4.0867e-6
0.0835  4.1396e-6
0.0835  4.1931e-6
0.0843  4.2473e-6
0.0852  4.3022e-6
0.0861  4.3578e-6
0.087  4.3578e-6
0.0879  4.3578e-6
0.0888  4.4141e-6
0.0897  4.4141e-6
0.0907  4.4141e-6
0.0916  4.4711e-6
0.0916  4.5289e-6
0.0925  4.5874e-6
0.0925  4.6467e-6
0.0935  4.7068e-6
0.0945  4.7676e-6
0.0955  4.8292e-6
0.0955  4.8917e-6
0.0965  4.8917e-6
0.0965  4.9549e-6
0.0975  4.9549e-6
0.0985  5.0189e-6
0.0995  5.0838e-6
0.1005  5.0838e-6
0.1016  5.1495e-6
0.1016  5.216e-6
0.1016  5.2835e-6
0.1016  5.3517e-6
0.1016  5.4209e-6
0.1016  5.491e-6
0.1016  5.5619e-6
0.1016  5.6338e-6
0.1016  5.7066e-6
0.1026  5.7804e-6
0.1026  5.8551e-6
0.1037  5.8551e-6
0.1037  5.9308e-6
0.1048  6.0074e-6
0.1048  6.0851e-6
0.1048  6.1637e-6
0.1058  6.2434e-6
0.1069  6.3241e-6
0.1069  6.4058e-6
0.1069  6.4886e-6
0.1069  6.5725e-6
0.1069  6.6574e-6
0.1069  6.7435e-6
0.1069  6.8306e-6
0.1081  6.9189e-6
0.1081  7.0083e-6
0.1081  7.0989e-6
0.1081  7.1906e-6
0.1092  7.2836e-6
0.1092  7.3777e-6
0.1103  7.3777e-6
0.1103  7.4731e-6
0.1103  7.5696e-6
0.1103  7.6675e-6
0.1115  7.7666e-6
0.1115  7.867e-6
0.1115  7.9686e-6
0.1126  8.0716e-6
0.1126  8.1759e-6
0.1138  8.1759e-6
0.115  8.2816e-6
0.1162  8.3886e-6
0.1162  8.4971e-6
0.1174  8.6069e-6
0.1174  8.7181e-6
0.1186  8.7181e-6
0.1198  8.8308e-6
0.1198  8.9449e-6
0.1198  9.0605e-6
0.1198  9.1776e-6
0.1198  9.2963e-6
0.121  9.4164e-6
0.121  9.5381e-6
0.121  9.6614e-6
0.121  9.7862e-6
0.1223  9.9127e-6
0.1223  1.0041e-5
0.1223  1.0171e-5
0.1236  1.0302e-5
0.1249  1.0435e-5
0.1249  1.057e-5
0.1262  1.0707e-5
0.1262  1.0845e-5
0.1275  1.0985e-5
0.1288  1.0985e-5
0.1301  1.0985e-5
0.1315  1.1127e-5
0.1315  1.1271e-5
0.1315  1.1417e-5
0.1315  1.1564e-5
0.1315  1.1714e-5
0.1315  1.1865e-5
0.1328  1.2018e-5
0.1342  1.2018e-5
0.1342  1.2174e-5
0.1356  1.2174e-5
0.137  1.2331e-5
0.1384  1.2491e-5
0.1399  1.2491e-5
0.1399  1.2652e-5
0.1413  1.2652e-5
0.1428  1.2652e-5
0.1443  1.2652e-5
0.1458  1.2652e-5
0.1473  1.2652e-5
0.1473  1.2815e-5
0.1473  1.2981e-5
0.1473  1.3149e-5
0.1473  1.3319e-5
0.1473  1.3491e-5
0.1473  1.3665e-5
0.1473  1.3842e-5
0.1473  1.4021e-5
0.1488  1.4202e-5
0.1488  1.4386e-5
0.1504  1.4386e-5
0.1519  1.4572e-5
0.1519  1.476e-5
0.1535  1.4951e-5
0.1551  1.5144e-5
0.1567  1.5144e-5
0.1583  1.534e-5
0.1583  1.5538e-5
0.1583  1.5739e-5
0.1583  1.5942e-5
0.1583  1.6148e-5
0.1583  1.6357e-5
0.1583  1.6568e-5
0.1583  1.6782e-5
0.16  1.7219e-5
0.1616  1.7441e-5
0.1633  1.7667e-5
0.1633  1.7895e-5
0.1633  1.8127e-5
0.1633  1.8361e-5
0.165  1.8598e-5
0.1667  1.8838e-5
0.1667  1.9082e-5
0.1684  1.9082e-5
0.1684  1.9329e-5
0.1684  1.9578e-5
0.1684  1.9831e-5
0.1684  2.0088e-5
0.1684  2.0347e-5
0.1702  2.061e-5
0.1702  2.0877e-5
0.172  2.0877e-5
0.172  2.1147e-5
0.1737  2.142e-5
0.1737  2.1697e-5
0.1755  2.1977e-5
0.1755  2.2261e-5
0.1755  2.2549e-5
0.1755  2.284e-5
0.1774  2.284e-5
0.1792  2.284e-5
0.1792  2.3135e-5
0.1811  2.3135e-5
0.1829  2.3434e-5
0.1829  2.3737e-5
0.1848  2.4044e-5
0.1848  2.4355e-5
0.1868  2.4355e-5
0.1887  2.467e-5
0.1887  2.4988e-5
0.1907  2.5311e-5
0.1926  2.5639e-5
0.1926  2.597e-5
0.1926  2.6306e-5
0.1926  2.6646e-5
0.1926  2.699e-5
0.1926  2.7339e-5
0.1926  2.7692e-5
0.1907  2.7692e-5
0.1907  2.7339e-5
0.1926  2.699e-5
0.1926  2.6646e-5
0.1945  2.6306e-5
0.1945  2.6646e-5
0.1945  2.699e-5
0.1945  2.7339e-5
0.1945  2.699e-5
0.1967  2.6646e-5
0.1967  2.6306e-5
0.1967  2.597e-5
0.1987  2.5639e-5
0.1987  2.5311e-5
0.2008  2.4988e-5
0.2028  2.4988e-5
0.205  2.4988e-5
0.2071  2.4988e-5
0.2092  2.5311e-5
0.2114  2.5311e-5
0.2114  2.5639e-5
0.2136  2.5639e-5
0.2158  2.597e-5
0.2181  2.6306e-5
0.2368  2.1977e-5
0.2443  1.7219e-5 # 0.2546  7.2836e-6
0.2709  1.7219e-5
0.2793  2.7692e-5
