0.00009999999999999991 22.07767088414028
0.00010036571567322922 22.118004747812364
0.00010073276882599516 22.158412297398083
0.00010110116434966985 22.198893667511182
0.0001014709071535139 22.239448993011298
0.00010184200216474244 22.280078409004464
0.00010221445432858945 22.320782050843427
0.00010258826860837509 22.361560054128255
0.00010296344998557049 22.402412554706636
0.00010334000345986553 22.443339688674477
0.00010371793404923396 22.484341592376207
0.00010409724679000184 22.52541840240539
0.00010447794673691306 22.566570255605004
0.0001048600389631983 22.607797289068085
0.00010524352856064108 22.649099640138
0.00010562842063964708 22.690477446409083
0.00010601472032931104 22.73193084572692
0.00010640243277748555 22.773459976188917
0.00010679156315085009 22.815064976144743
0.00010718211663497951 22.856745984196806
0.00010757409843441274 22.89850313920064
0.0001079675137727225 22.940336580265402
0.00010836236789258536 22.982246446754406
0.00010875866605585114 23.024232878285527
0.00010915641354361271 23.066296014731627
0.0001095556156562767 23.10843599622105
0.00010995627771363475 23.15065296313817
0.00011035840505493307 23.192947056123714
0.00011076200303894503 23.235318416075366
0.00011116707704404118 23.277767184148125
0.00011157363246826233 23.32029350175487
0.00011198167472939022 23.36289751056674
0.00011239120926502026 23.40557935251365
0.0001128022415326344 23.448339169784806
0.00011321477700967342 23.491177104829134
0.0001136288211936096 23.534093300355707
0.00011404437960202033 23.577087899334284
0.00011446145777266225 23.620161044995818
0.00011488006126354362 23.66331288083281
0.00011530019565300004 23.70654355059995
0.00011572186653976712 23.749853198314405
0.00011614507954305675 23.793241968256506
0.00011656984030263035 23.836710004970023
0.00011699615447887564 23.880257453262836
0.00011742402775288047 23.92388445820724
0.0001178534658265101 23.967591165140604
0.00011828447442248159 24.011377719665674
0.00011871705928444172 24.055244267651243
0.00011915122617704206 24.099190955232455
0.0001195869808860164 24.14321792881141
0.0001200243292182583 24.187325335057633
0.00012046327700189802 24.231513320908572
0.00012090383008637982 24.27578203357
0.00012134599434254024 24.320131620516577
0.00012178977566268685 24.364562229492385
0.00012223517996067632 24.40907400851135
0.0001226822131719928 24.453667105857715
0.00012313088125382737 24.498341670086567
0.0001235811901851582 24.543097850024402
0.00012403314596682886 24.587935794769486
0.00012448675462162892 24.632855653692413
0.00012494202219437474 24.677857576436658
0.00012539895475198942 24.722941712919017
0.0001258575583835834 24.768108213330066
0.0001263178392005359 24.813357228134702
0.00012677980333657683 24.858688908072708
0.00012724345694786822 24.904103404159184
0.00012770880621308558 24.949600867685014
0.00012817585733350086 24.99518145021742
0.00012864461653306575 25.040845303600527
0.0001291150900584929 25.086592579955713
0.00012958728417934118 25.132423431682298
0.00013006120518809723 25.178338011457857
0.00013053685940026127 25.224336472238935
0.00013101425315442932 25.270418967261342
0.00013149339281237963 25.316585650040874
0.00013197428475915547 25.362836674373636
0.00013245693540315221 25.409172194336705
0.00013294135117620075 25.455592364288503
0.00013342753853365518 25.502097338869465
0.00013391550395447707 25.548687273002418
0.0001344052539413226 25.595362321893127
0.00013489679502062967 25.6421226410309
0.00013539013374270435 25.68896838618903
0.00013588527668180779 25.735899713425272
0.00013638223043624417 25.782916779082424
0.0001368810016284492 25.830019739788877
0.00013738159690507797 25.877208752459094
0.0001378840229370928 25.92448397429408
0.00013838828641985282 25.97184556278197
0.00013889439407320395 26.019293675698606
0.00013940235264156653 26.066828471107897
0.0001399121688940271 26.11445010736252
0.0001404238496244279 26.16215874310437
0.0001409374016514566 26.209954537265038
0.00014145283181873813 26.257837649066396
0.00014197014699492594 26.305808238021168
0.00014248935407379333 26.3538664639334
0.00014301045997432466 26.40201248689898
0.00014353347164080808 26.45024646730617
0.00014405839604292892 26.498568565836248
0.00014458524017586091 26.546978943463902
0.00014511401106036026 26.595477761457794
0.0001456447157428597 26.644065181381194
0.00014617736129556187 26.692741365092434
0.00014671195481653305 26.741506474745435
0.0001472485034297982 26.79036067279024
0.00014778701428543658 26.839304121973647
0.0001483274945596763 26.888336985339702
0.00014886995145498965 26.93745942623017
0.0001494143922001894 26.98667160828513
0.00014996082405052607 27.035973695443612
0.00015050925428778268 27.08536585194394
0.0001510596902203739 27.134848242324516
0.00015161213918344146 27.184421031424126
0.0001521666085389538 27.23408438438272
0.00015272310567580224 27.28383846664173
0.0001532816380099015 27.33368344394486
0.0001538422129842863 27.383619482338414
0.00015440483806921293 27.433646748172034
0.00015496952076225637 27.483765408099078
0.00015553626858841256 27.533975629077364
0.00015610508910019667 27.584277578369555
0.00015667598987774466 27.634671423543782
0.00015724897852891474 27.685157332474255
0.00015782406268938825 27.735735473341776
0.00015840125002277087 27.786406014634235
0.0001589805482206953 27.83716912514724
0.00015956196500292423 27.888024973984706
0.0001601455081174529 27.93897373055939
0.0001607311853406114 27.99001556459338
0.00016131900447716928 28.041150646118734
0.00016190897336044004 28.09237914547809
0.00016250109985238413 28.143701233325135
0.0001630953918437143 28.195117080625174
0.00016369185725400152 28.2466268586558
0.00016429050403177984 28.298230739007415
0.00016489134015465178 28.349928893583712
0.0001654943736293952 28.401721494602338
0.00016609961249207055 28.45360871459549
0.0001667070648081275 28.505590726410453
0.00016731673867251165 28.557667703210114
0.00016792864220977315 28.60983981847359
0.00016854278357417575 28.662107245996886
0.00016915917094980346 28.714470159893303
0.00016977781255067195 28.76692873459418
0.0001703987166208356 28.81948314484933
0.0001710218914344999 28.87213356572778
0.0001716473452961291 28.924880172618153
0.00017227508654055936 28.977723141229486
0.00017290512353310754 29.030662647591576
0.00017353746466968492 29.08369886805578
0.00017417211837690672 29.1368319792954
0.00017480909311220688 29.190062158306475
0.00017544839736394855 29.243389582408195
0.00017609003965153813 29.296814429243533
0.00017673402852553952 29.350336876779956
0.0001773803725677873 29.40395710330989
0.00017802908039150052 29.457675287451302
0.00017868016064139826 29.511491608148347
0.00017933362199381515 29.565406244671983
0.00017998947315681665 29.61941937662057
0.0001806477228703143 29.673531183920336
0.00018130837990618288 29.727741846826117
0.00018197145306837823 29.782051545921956
0.00018263695119305275 29.8364604621216
0.0001833048831486739 29.89096877666914
0.00018397525783614326 29.945576671139705
0.0001846480841889144 30.00028432743996
0.0001853233711731109 30.05509192780872
0.0001860011277876482 30.10999965481762
0.00018668136306435092 30.16500769137161
0.00018736408606807568 30.22011622070974
0.0001880493058968298 30.27532542640557
0.00018873703168189346 30.330635492367854
0.00018942727258794222 30.386046602841287
0.00019012003781316712 30.44155894240685
0.00019081533658939936 30.497172695982695
0.0001915131781822324 30.55288804882458
0.00019221357189114474 30.608705186526542
0.00019291652704962452 30.66462429502147
0.00019362205302529467 30.720645560581833
0.00019433015922003686 30.77676916982023
0.00019504085507011636 30.832995309689963
0.00019575415004630822 30.889324167485675
0.00019647005365402474 30.945755930844104
0.00019718857543343953 31.00229078774449
0.00019790972495961756 31.05892892650943
0.0001986335118426399 31.115670535805258
0.00019935994572773457 31.172515804642924
0.00020008903629540234 31.22946492237837
0.00020082079326154845 31.286518078713414
0.00020155522637760936 31.343675463696133
0.00020229234543068543 31.400937267721723
0.00020303216024366864 31.458303681532907
0.00020377468067537613 31.515774896220794
0.0002045199166206793 31.573351103225324
0.00020526787801063663 31.63103249433598
0.00020601857481262676 31.688819261692466
0.00020677201703048055 31.746711597785318
0.00020752821470461374 31.80470969545649
0.0002082871779121615 31.86281374790001
0.00020904891676711365 31.921023948662725
0.00020981344142044706 31.979340491644763
0.0002105807620602638 32.037763571100406
0.0002113508889119239 32.09629338163845
0.00021212383223818463 32.15493011822318
0.0002128996023393347 32.21367397617469
0.0002136782095533325 32.27252515116975
0.0002144596642559448 32.331483839242416
0.00021524397686088412 32.39055023678465
0.00021603115781994683 32.44972454054693
0.0002168212176231531 32.509006947638966
0.000217614166798888 32.5683976555304
0.0002184100159140389 32.62789686205129
0.00021920877557413953 32.687504765393
0.00022001045642350823 32.74722156410863
0.00022081506914539272 32.80704745711386
0.00022162262446210956 32.86698264368744
0.00022243313313519 32.92702732347206
0.0002232466059655204 32.98718169647476
0.00022406305379348918 33.047445963067844
0.00022488248749912818 33.10782032398933
0.00022570491800226084 33.16830498034381
0.00022653035626264445 33.228900133602906
0.00022735881328011953 33.28960598560618
0.00022819030009475308 33.350422738561555
0.000229024827786989 33.411350595046216
0.00022986240747779286 33.47238975800711
0.00023070305032880134 33.533540430761654
0.00023154676754247186 33.59480281699851
0.00023239357036223092 33.65617712077818
0.0002332434700726232 33.71766354653364
0.00023409647799946267 33.779262299071085
0.00023495260550998492 33.84097358357065
0.00023581186401299556 33.90279760558693
0.0002366742649590257 33.9647345710499
0.0002375398198404811 34.026784686265316
0.00023840854019179883 34.08894815791567
0.00023928043758959786 34.151225193060675
0.00024015552365283467 34.21361599913803
0.00024103381004295901 34.276120783964146
0.0002419153084640683 34.33873975573481
0.00024280003066306285 34.4014731230258
0.00024368798842980323 34.46432109479363
0.00024457919359726867 34.52728388037635
0.00024547365804171174 34.59036168949401
0.00024637139368282 34.653554732249596
0.0002472724124838716 34.71686321912953
0.00024817672645189773 34.780287361004525
0.00024908434763783974 34.84382736913013
0.00024999528813671277 34.90748345514761
0.00025090956008776345 34.971255831084456
0.0002518271756746356 35.03514470935527
0.0002527481471255284 35.09915030276228
0.0002536724867133636 35.16327282449627
0.0002546002067559453 35.227512488137044
0.0002555313196161261 35.29186950765428
0.0002564658377019719 35.35634409740826
0.0002574037734669273 35.42093647215055
0.00025834513940998 35.4856468470246
0.00025928994807582835 35.55047543756656
0.00026023821205504983 35.615422459706075
0.0002611899439842673 35.680488129766864
0.00026214515654631707 35.745672664467456
0.0002631038624704185 35.81097628092191
0.00026406607453234495 35.87639919664068
0.0002650318055545911 35.94194162953106
0.00026600106840654733 36.007603797898184
0.00026697387600466745 36.07338592044553
0.0002679502413126448 36.139288216275844
0.0002689301773415814 36.20531090489166
0.0002699136971501629 36.27145420619614
0.0002709008138448342 36.337718340493886
0.0002718915405799705 36.40410352849143
0.00027288589055805655 36.47060999129826
0.0002738838770298587 36.53723795042726
0.0002748855132946055 36.60398762779571
0.00027589081270016074 36.670859245725765
0.0002768997886432054 36.73785302694546
0.00027791245456941244 36.80496919458917
0.0002789288239736295 36.872207972198616
0.00027994891040005577 36.93956958372339
0.00028097272744242346 37.00705425352177
0.00028200028874418023 37.07466220636155
0.0002830316079986701 37.1423936674207
0.0002840666989493147 37.21024886228806
0.00028510557538979746 37.27822801696414
0.000286148251164249 37.34633135786198
0.00028719474016742827 37.41455911180766
0.00028824505634491123 37.48291150604133
0.0002892992136932732 37.55138876821766
0.00029035722626027916 37.61999112640691
0.0002914191081450674 37.688718809095384
0.000292484873498339 37.75757204518637
0.0002935545365225473 37.826551064000896
0.00029462811147208646 37.895656095278454
0.0002957056126534799 37.96488736917768
0.0002967870544255724 38.03424511627719
0.00029787245119972284 38.10372956757646
0.0002989618174399926 38.1733409544963
0.00030005516766334233 38.24307950887994
0.00030115251643982163 38.31294546299352
0.0003022538783927671 38.382939049527124
0.00030335926819899286 38.45306050159523
0.00030446870058899086 38.52331005273788
0.00030558219034712244 38.593687936921
0.0003066997523118198 38.66419438853761
0.00030782140137577957 38.734829642408236
0.00030894715248616547 38.805593933782
0.00031007702064480354 38.87648749833709
0.00031121102090838406 38.94751057218177
0.00031234916838866295 39.018663391855064
0.00031349147825266224 39.089946194327624
0.000314637965722871 39.16135921700236
0.0003157886460774494 39.23290269771528
0.0003169435346504333 39.304576874736426
0.00031810264683193747 39.3763819867705
0.0003192659980683597 39.44831827295762
0.00032043360386258766 39.52038597287422
0.0003216054797742072 39.59258532653391
0.00032278164141970577 39.664916574387966
0.000323962104472685 39.73737995732653
0.00032514688466406516 39.80997571667903
0.00032633599778229903 39.88270409421528
0.00032752945967357873 39.95556533214604
0.00032872728624204825 40.02855967312394
0.0003299294934500168 40.101687360244306
0.0003311360973181702 40.17494863704592
0.0003323471139257831 40.24834374751178
0.000333562559410935 40.321872936069916
0.0003347824499707262 40.39553644759434
0.0003360068018614902 40.46933452740561
0.0003372356313990148 40.543267421271906
0.0003384689549587551 40.617335375409596
0.00033970678897605474 40.691538636484196
0.00034094914994636447 40.76587745161119
0.000342196054425461 40.84035206835678
0.00034344751902966753 40.91496273473868
0.00034470356043607653 40.98970969922702
0.0003459641953827707 41.06459321074513
0.00034722944066904775 41.139613518670394
0.00034849931315564123 41.21477087283493
0.0003497738297649482 41.29006552352662
0.00035105300748125334 41.36549772148979
0.00035233686335095575 41.441067717926124
0.0003536254144827947 41.516775764495364
0.0003549186780480807 41.59262211331633
0.0003562166712809211 41.66860701696759
0.0003575194114784518 41.74473072848839
0.000358826916001066 41.82099350137938
0.00036013920227264724 41.89739558960357
0.00036145628778080165 41.973937247587145
0.0003627781900770892 42.050618730220215
0.00036410492677725934 42.12744029285777
0.0003654365155614842 42.20440219132039
0.0003667729741745956 42.28150468189522
0.00036811432042632204 42.35874802133683
0.00036946057219152295 42.436132466867804
0.00037081174741043034 42.51365827617994
0.00037216786408888607 42.59132570743485
0.00037352894029858187 42.66913501926491
0.0003748949941773015 42.74708647077413
0.00037626604392916065 42.825180321538944
0.00037764210782484977 42.90341683160906
0.0003790232042018791 42.98179626150839
0.0003804093514648213 43.06031887223584
0.0003818005680855588 43.138984925266264
0.0003831968726035265 43.21779468255116
0.0003845982836259625 43.29674840651968
0.0003860048198281539 43.37584636007946
0.0003874164999536867 43.45508880661743
0.00038883334281469373 43.534476010000695
0.00039025536729210883 43.614008234577526
0.00039168259233591504 43.693685745178044
0.00039311503696539904 43.77350880711522
0.00039455272026940304 43.85347768618566
0.0003959956614065808 43.933592648670555
0.0003974438796056531 44.01385396133656
0.0003988973941656623 44.0942618914366
0.00040035622445622974 44.174816706710764
0.00040182038991781564 44.25551867538725
0.0004032899100619762 44.33636806618317
0.00040476480447162593 44.41736514830554
0.000406245092801295 44.49851019145201
0.00040773079477739464 44.57980346581186
0.00040922193019847833 44.661245242066876
0.0004107185189355064 44.74283579139224
0.0004122205809321088 44.824575385457315
0.00041372813620485483 44.906464296426776
0.0004152412048435158 44.98850279696123
0.0004167598070113355 45.07069116021833
0.00041828396294529656 45.15302965985348
0.00041981369295639214 45.23551857002091
0.00042134901742989683 45.31815816537449
0.0004228899568256364 45.400948721068666
0.00042443653167826076 45.48389051275924
0.0004259887625975194 45.566983816604484
0.0004275466702685341 45.65022890926586
0.0004291102754520769 45.733626067909114
0.000430679598984843 45.81717557020491
0.00043225466177973206 45.90087769433005
0.00043383548482612525 45.98473271896817
0.00043542208919016554 46.068740923310784
0.00043701449601503644 46.152902587058044
0.0004386127265212479 46.237217990419886
0.0004402168020069149 46.32168741411674
0.0004418267438480438 46.40631113938056
0.00044344257349881517 46.49108944795567
0.00044506431249187174 46.57602262209977
0.00044669198243860517 46.66111094458486
0.00044832560502944263 46.74635469869809
0.0004499652020341358 46.83175416824273
0.00045161079530205297 46.91730963753909
0.00045326240676246807 47.00302139142546
0.0004549200584248556 47.08888971525915
0.00045658377237917965 47.17491489491715
0.0004582535707961923 47.26109721679734
0.00045992947592772733 47.34743696781933
0.0004616115101069973 47.433934435425336
0.000463299695748889 47.52058990758119
0.00046499405535026684 47.60740367277732
0.00046669461149026774 47.69437602002961
0.0004684013868306051 47.781507238880394
0.0004701144041158685 47.868797619399324
0.00047183368617382876 47.956247452184456
0.00047355925591574245 48.043857028363156
0.00047529113633665526 48.13162663959295
0.0004770293505157085 48.21955657806257
0.00047877392161644884 48.30764713649293
0.0004805248728871348 48.39589860813798
0.0004822822276610491 48.484311286785854
0.0004840460093568054 48.572885466759544
0.00048581624147866467 48.66162144291815
0.0004875929476168461 48.750519510657625
0.0004893761514478426 48.83957996591195
0.0004911658767347336 48.92880310515382
0.0004929621473275072 49.01818922539593
0.0004947649871633721 49.10773862419173
0.0004965744202670803 49.19745159963645
0.0004983904707512451 49.287328450368065
0.0005002131628166637 49.37736947556828
0.0005020425207526407 49.4675749749636
0.0005038785689373091 49.55794524882611
0.0005057213318379573 49.64848059797465
0.0005075708340113531 49.73918132377561
0.0005094271001040733 49.830047728144095
0.0005112901548528323 49.92108011354484
0.000513160023084808 50.0122787829931
0.0005150367297179768 50.103644040055784
0.0005169202997614435 50.195176188852365
0.0005188107583157751 50.28687553405589
0.000520708130573336 50.37874238089398
0.000522612441818623 50.47077703514984
0.0005245237174286006 50.56297980316313
0.0005264419828730424 50.65535099183115
0.0005283672637148688 50.747890908609754
0.0005302995856104873 50.840599861514306
0.0005322389743101354 50.93347815912075
0.0005341854556582229 51.0265261105666
0.0005361390555936769 51.11974402555192
0.0005380998001502875 51.21313221434035
0.0005400677154570527 51.30669098776007
0.0005420428277385311 51.40042065720496
0.0005440251633151867 51.49432153463542
0.0005460147486037426 51.5883939325795
0.0005480116101175307 51.68263816413388
0.0005500157744668467 51.77705454296484
0.000552027268359306 51.87164338330946
0.0005540461186001966 51.96640499997645
0.0005560723520928367 52.06133970834716
0.0005581059958389354 52.15644782437679
0.0005601470769389515 52.25172966459526
0.0005621956225924535 52.347185546108285
0.0005642516600984837 52.4428157865984
0.0005663152168559209 52.53862070432602
0.0005683863203638461 52.63460061813043
0.000570464998221909 52.730755847430835
0.0005725512781306937 52.827086712227334
0.000574645187892093 52.92359353310218
0.0005767467554096729 53.020276631220504
0.0005788560086890486 53.11713632833162
0.0005809729758382545 53.21417294676982
0.0005830976850681217 53.3113868094557
0.0005852301646926537 53.40877823989703
0.0005873704431294014 53.506347562189816
0.0005895185488998426 53.60409510101933
0.0005916745106297638 53.702021181661244
0.0005938383570496401 53.80012612998265
0.0005960101169950186 53.89841027244308
0.0005981898194069023 53.99687393609558
0.0006003774933321359 54.095517448587785
0.0006025731679237933 54.19434113816296
0.000604776872441566 54.29334533366111
0.0006069886362521508 54.39253036451986
0.0006092084888296463 54.49189656077585
0.0006114364597559403 54.591444253065504
0.0006136725787211073 54.69117377262622
0.0006159168755238013 54.791085451297384
0.0006181693800716567 54.89117962152156
0.0006204301223816832 54.991456616345396
0.0006226991325806699 55.09191676942093
0.0006249764409055809 55.192560415006355
0.0006272620777039638 55.293387887967356
0.0006295560734343516 55.394399523778105
0.0006318584586666686 55.4955956585223
0.0006341692640826382 55.596976628894296
0.0006364885204761919 55.6985427722002
0.0006388162587538793 55.80029442635891
0.0006411525099352804 55.9022319299033
0.0006434973051534168 56.00435562198106
0.0006458506756551717 56.106665842356186
0.0006482126528017006 56.209162931409736
0.000650583268068853 56.311847230141076
0.0006529625530475888 56.41471908016891
0.0006553505394444026 56.517778823732435
0.0006577472590817437 56.62102680369242
0.000660152743898443 56.72446336353237
0.0006625670259501334 56.82808884735945
0.000664990137409683 56.93190359990577
0.0006674221105676198 57.03590796652944
0.0006698629778325641 57.14010229321564
0.0006723127717316589 57.244486926577785
0.0006747715249110045 57.34906221385858
0.0006772392701360931 57.453828502931195
0.0006797160402922457 57.55878614230035
0.0006822018683850487 57.66393548110338
0.000684696787540796 57.769276869111444
0.0006872008310069309 57.87481065673065
0.0006897140321524865 57.98053719500311
0.0006922364244685306 58.08645683560801
0.0006947680415686148 58.1925699308629
0.0006973089171892194 58.298876833724705
0.0006998590851902066 58.40537789779094
0.0007024185795552677 58.51207347730076
0.0007049874343923766 58.61896392713603
0.0007075656839342473 58.726049602822656
0.0007101533625387877 58.83333086053158
0.0007127505046895576 58.94080805707995
0.0007153571449962289 59.04848154993226
0.0007179733181950464 59.15635169720151
0.0007205990591492909 59.2644188576503
0.000723234402849744 59.372683390692046
0.0007258793844151519 59.481145656391995
0.0007285340390926992 59.5898060154686
0.0007311984022584724 59.69866482929443
0.0007338725094179351 59.80772245989749
0.0007365563962063984 59.91697926996223
0.0007392500983894982 60.02643562283082
0.0007419536518636723 60.13609188250432
0.0007446670926566362 60.245948413643724
0.0007473904569278632 60.35600558157114
0.0007501237809690693 60.46626375227108
0.0007528671012046933 60.57672329239144
0.0007556204541923874 60.68738456924491
0.0007583838766234961 60.7982479508098
0.000761157405323553 60.90931380573152
0.0007639410772527673 61.020582503323574
0.0007667349295065189 61.13205441356887
0.0007695389993158479 61.24372990712063
0.0007723533240479586 61.35560935530396
0.0007751779412067102 61.467693130116665
0.0007780128884331208 61.57998160423067
0.0007808582035058654 61.69247515099296
0.0007837139243417831 61.80517414442702
0.0007865800889963823 61.918078959233945
0.0007894567356643444 62.0311899707935
0.0007923439026800341 62.14450755516534
0.0007952416285180125 62.2580320890904
0.0007981499517935468 62.37176394999177
0.0008010689112631293 62.48570351597623
0.0008039985458249868 62.5998511658351
0.0008069388945196051 62.7142072790457
0.0008098899965302474 62.82877223577241
0.0008128518911834762 62.94354641686793
0.000815824617949675 63.05853020387438
0.0008188082164435808 63.173723979024714
0.000821802726424805 63.289128125243685
0.0008248081877983678 63.404743026149205
0.0008278246406152257 63.52056906605342
0.0008308521250728098 63.636606629964064
0.0008338906815155606 63.75285610358563
0.0008369403504354631 63.869317873320554
0.0008400011724725866 63.985992326270306
0.0008430731884156295 64.10287985023689
0.0008461564392024596 64.21998083372378
0.0008492509659206635 64.33729566593739
0.0008523568098080874 64.45482473678803
0.0008554740122533936 64.57256843689132
0.0008586026147966087 64.69052715756935
0.000861742659129678 64.80870129085199
0.0008648941870970183 64.92709122947781
0.000868057240696082 65.04569736689581
0.0008712318620779102 65.1645200972662
0.0008744180935476982 65.2835598154619
0.0008776159775653558 65.40281691706957
0.0008808255567460769 65.52229179839105
0.0008840468738609073 65.6419848564445
0.0008872799718373121 65.76189648896562
0.0008905248937597464 65.88202709440885
0.0008937816828702353 66.00237707194876
0.0008970503825689443 66.12294682148112
0.000900331036414764 66.24373674362438
0.0009036236881258815 66.3647472397206
0.0009069283815803713 66.48597871183689
0.0009102451608167764 66.60743156276672
0.0009135740700346964 66.72910619603101
0.0009169151535953721 66.85100301587943
0.0009202684560222857 66.97312242729178
0.0009236340220017454 67.09546483597909
0.0009270118963834856 67.21803064838494
0.0009304021241812611 67.34082027168665
0.0009338047505734504 67.46383411379664
0.0009372198209036581 67.58707258336374
0.0009406473806813161 67.71053608977428
0.0009440874755822895 67.83422504315345
0.0009475401514494896 67.95813985436652
0.0009510054542934811 68.08228093502021
0.0009544834302930988 68.20664869746395
0.0009579741257960591 68.331243554791
0.0009614775873195776 68.45606592083983
0.0009649938615509931 68.5811162101954
0.0009685229953483875 68.70639483819049
0.0009720650357412065 68.83190222090674
0.0009756200299308951 68.95763877517629
0.0009791880252915176 69.08360491858278
0.000982769069370394 69.20980106946273
0.0009863632098887332 69.33622764690682
0.000989970494742264 69.46288507076109
0.000993590972001883 69.58977376162844
0.0009972246899142862 69.71689414086973
0.001000871696902617 69.84424663060511
0.0010045320415671068 69.9718316537153
0.001008205772685728 70.0996496338429
0.0010118929392148432 70.22770099539382
0.0010155935902898543 70.35598616353832
0.0010193077752258576 70.48450556421244
0.0010230355435183044 70.61325962411932
0.0010267769448436574 70.74224877073043
0.0010305320290600575 70.87147343228708
0.001034300846207979 71.0009340378013
0.001038083446510906 71.13063101705755
0.0010418798803759962 71.26056480061388
0.0010456901983947559 71.39073581980318
0.001049514451343708 71.5211445067345
0.0010533526901850795 71.65179129429455
0.0010572049660674697 71.78267661614872
0.001061071330326539 71.91380090674262
0.0010649518344856867 72.04516460130321
0.001068846530256744 72.17676813584025
0.0010727554695406614 72.30861194714768
0.0010766787044281982 72.44069647280473
0.0010806162872006152 72.57302215117731
0.0010845682703303776 72.70558942141948
0.0010885347064818478 72.83839872347453
0.0010925156485119944 72.97145049807663
0.0010965111494710864 73.10474518675173
0.00110052126260341 73.23828323181925
0.0011045460413479729 73.37206507639323
0.001108585539339218 73.50609116438373
0.0011126398104077354 73.640361940498
0.0011167089085809862 73.77487785024213
0.0011207928880840158 73.9096393399221
0.0011248918033401804 74.04464685664522
0.0011290057089718682 74.17990084832138
0.001133134659801232 74.31540176366451
0.0011372787108509198 74.45115005219394
0.0011414379173448038 74.58714616423558
0.001145612334708717 74.7233905509233
0.001149802018571196 74.85988366420041
0.0011540070247642177 74.99662595682084
0.0011582274093239497 75.13361788235066
0.0011624632284914862 75.27085989516915
0.001166714538713608 75.40835245047042
0.0011709813966435296 75.54609600426464
0.0011752638591416566 75.68409101337939
0.0011795619832763373 75.82233793546094
0.0011838758263246342 75.96083722897582
0.0011882054457730774 76.09958935321191
0.0011925508993184358 76.23859476828004
0.0011969122448684815 76.377853935115
0.0012012895405427663 76.51736731547732
0.0012056828446733966 76.65713537195431
0.0012100922158058062 76.79715856796163
0.001214517712699537 76.93743736774437
0.0012189593943290264 77.07797223637873
0.0012234173198843886 77.2187636397731
0.00122789154877221 77.3598120446698
0.001232382140616329 77.50111791864587
0.0012368891552586429 77.64268173011499
0.0012414126527598983 77.78450394832853
0.0012459526934004953 77.92658504337707
0.0012505093376812837 78.06892548619153
0.0012550826463243812 78.21152574854491
0.0012596726802739716 78.35438630305333
0.0012642795006971236 78.49750762317757
0.0012689031689845991 78.64089018322434
0.0012735437467516792 78.78453445834771
0.001278201295838983 78.92844092455057
0.0012828758783132886 79.07261005868585
0.0012875675564683596 79.21704233845787
0.001292276392825781 79.3617382424239
0.0012970024501357872 79.50669824999535
0.0013017457913781043 79.65192284143941
0.001306506479762778 79.79741249788
0.0013112845787310282 79.94316770129956
0.0013160801519560875 80.08918893454019
0.0013208932633440534 80.23547668130516
0.0013257239770347326 80.38203142616015
0.0013305723574025088 80.52885365453481
0.0013354384690571876 80.67594385272398
0.0013403223768448645 80.82330250788917
0.001345224145848788 80.97093010805992
0.001350143841390222 81.11882714213506
0.0013550815290293275 81.26699409988441
0.0013600372745660254 81.41543147194987
0.0013650111440408753 81.56413974984682
0.0013700032037359607 81.7131194259657
0.0013750135201757668 81.86237099357321
0.0013800421601280729 82.0118949468139
0.0013850891906048359 82.16169178071132
0.001390154678863084 82.31176199116949
0.001395238692405818 82.4621060749744
0.001400341298982907 82.61272452979532
0.0014054625665919915 82.76361785418612
0.0014106025634793907 82.91478654758683
0.0014157613581410103 83.06623111032484
0.0014209390193232574 83.21795204361644
0.0014261356160239558 83.36994984956819
0.0014313512174932608 83.52222503117811
0.0014365858932345935 83.67477809233748
0.0014418397130055549 83.82760953783182
0.0014471127468188632 83.9807198733426
0.00145240506494328 84.13410960544832
0.001457716737904554 84.28777924162617
0.0014630478364863592 84.44172929025343
0.0014683984317312348 84.59596026060866
0.0014737685949415306 84.75047266287318
0.0014791583976803643 84.90526700813253
0.0014845679117725702 85.06034380837787
0.0014899972093056569 85.21570357650725
0.0014954463626307682 85.37134682632716
0.001500915444363648 85.5272740725538
0.0015064045273856064 85.68348583081456
0.001511913684844494 85.83998261764941
0.0015174429901556692 85.99676495051216
0.0015229925170029892 86.15383334777212
0.00152856233933978 86.31118832871529
0.0015341525313898288 86.4688304135458
0.001539763167648367 86.62676012338729
0.001545394322883069 86.78497798028435
0.0015510460721350496 86.943484507204
0.0015567184907198579 87.10228022803695
0.0015624116542284805 87.26136566759888
0.0015681256385283568 87.4207413516322
0.0015738605197643835 87.58040780680713
0.0015796163743599313 87.74036556072326
0.0015853932790178635 87.90061514191083
0.0015911913107215573 88.06115707983227
0.0015970105467359302 88.22199190488344
0.0016028510646084715 88.38312014839515
0.0016087129421702676 88.54454234263437
0.0016145962575370538 88.70625902080596
0.001620501089110242 88.86827071705378
0.0016264275155779728 89.03057796646213
0.001632375615916157 89.19318130505714
0.0016383454693895373 89.35608126980829
0.001644337155552737 89.51927839862962
0.0016503507542513292 89.68277323038143
0.001656386345622886 89.84656630487115
0.0016624440100980603 90.01065816285522
0.0016685238284016523 90.17504934604028
0.0016746258815536843 90.33974039708455
0.001680750250870482 90.50473185959925
0.0016868970179657577 90.67002427814998
0.0016930662647516978 90.83561819825813
0.0016992580734400558 91.00151416640227
0.0017054725265432404 91.16771273001933
0.0017117097068754304 91.33421443750647
0.0017179696975536628 91.50101983822195
0.0017242525819989496 91.66812948248683
0.0017305584439373824 91.83554392158612
0.001736887367401256 92.00326370777042
0.0017432394367301823 92.17128939425707
0.001749614736572222 92.33962153523179
0.0017560133518849978 92.50826068584969
0.0017624353679368421 92.677207402237
0.0017688808703079254 92.84646224149228
0.001775349944891398 93.01602576168776
0.0017818426778945353 93.18589852187083
0.001788359155839886 93.35608108206533
0.0017948994655664252 93.52657400327294
0.001801463694230714 93.69737784747464
0.001808051929308053 93.8684931776318
0.0018146642585936575 94.0399205576879
0.0018213007702038264 94.2116605525698
0.0018279615525771094 94.38371372818885
0.001834646694475493 94.55608065144263
0.0018413562849855748 94.72876189021594
0.00184809041351976 94.90175801338249
0.0018548491698174533 95.07506959080615
0.0018616326439462412 95.24869719334211
0.0018684409263031072 95.42264139283853
0.0018752741076156303 95.59690276213773
0.0018821322789431916 95.7714818750775
0.0018890155316781982 95.94637930649276
0.0018959239575472829 96.12159563221638
0.0019028576486125443 96.29713142908095
0.0019098166972727646 96.47298727492002
0.001916801196264645 96.64916374856938
0.0019238112386640316 96.82566142986835
0.0019308469178871744 97.00248089966139
0.0019379083276919546 97.17962273979911
0.0019449955621791434 97.35708753313983
0.0019521087157936489 97.5348758635507
0.0019592478833257813 97.71298831590917
0.001966413159912519 97.89142547610452
0.0019736046410387662 98.07018793103872
0.001980822422538628 98.24927626862805
0.0019880666005966936 98.4286910778044
0.001995337271749313 98.60843294851654
0.00200263453288589 98.78850247173155
0.002009958481250158 98.96890023943583
0.0020173092144414933 99.14962684463674
0.0020246868304162067 99.33068288136378
0.002032091427488852 99.51206894466983
0.0020395231043335276 99.69378563063255
0.00204698195998521 99.87583353635564
0.002054468093841054 100.05821325997015
0.00206198160566173 100.24092540063575
0.002069522595572742 100.42397055854194
0.0020770911640657736 100.6073493349095
0.0020846874120000252 100.79106233199175
0.0020923114406035514 100.97511015307576
0.00209996335147461 101.15949340248346
0.0021076432465830263 101.34421268557332
0.0021153512282715394 101.52926860874125
0.0021230873992571808 101.7146617794222
0.0021308518626326225 101.90039280609098
0.0021386447218675704 102.08646229826394
0.0021464660808101334 102.27287086650001
0.002154316043688211 102.45961912240212
0.002162194715110872 102.64670767861799
0.0021701022000697704 102.83413714884216
0.0021780386039405215 103.02190814781648
0.0021860040324841205 103.21002129133181
0.0021939985918483416 103.39847719622894
0.0022020223885691613 103.58727648040006
0.002210075529572179 103.77641976279
0.002218158122174034 103.96590766339726
0.0022262702740838353 104.1557408032752
0.002234412093404607 104.34591980453352
0.0022425836886347185 104.53644529033922
0.0022507851686693436 104.7273178849181
0.00225901664280189 104.91853821355546
0.002267278220725477 105.11010690259776
0.0022755700125343865 105.3020245794536
0.002283892128725535 105.494291872595
0.0022922446801999347 105.68690941155836
0.002300627778264193 105.87987782694603
0.002309041534631974 106.07319775042706
0.002317486061425502 106.2668698147387
0.0023259614711770415 106.4608946536872
0.002334467876830411 106.65527290214932
0.0023430053917424852 106.8500051960734
0.0023515741296846995 107.04509217248035
0.002360174204844564 107.24053446946479
0.002368805731827198 107.4363327261964
0.0023774688256568443 107.63248758292083
0.0023861636017784163 107.82899968096106
0.0023948901760590152 108.02586966271816
0.002403648664789494 108.22309817167269
0.002412439184685998 108.42068585238576
0.0024212618528915244 108.61863335050003
0.002430116786977471 108.81694131274077
0.0024390041049452264 109.01561038691725
0.0024479239252277194 109.21464122192343
0.0024568763666910115 109.41403446773931
0.0024658615486358696 109.61379077543172
0.0024748795907993657 109.81391079715564
0.0024839306133564746 110.01439518615531
0.0024930147369216643 110.215244596765
0.0025021320825505053 110.41645968441006
0.002511282771741294 110.61804110560824
0.002520466926436659 110.81998951797047
0.0025296846690252032 111.02230558020209
0.0025389361223431095 111.22498995210351
0.002548221409675801 111.42804329457158
0.0025575406547595726 111.6314662696004
0.0025668939817832396 111.83525954028228
0.002576281515389805 112.03942377080904
0.0025857033806780975 112.24395962647239
0.0025951597032044596 112.44886777366541
0.002604650608984414 112.65414887988344
0.002614176224494335 112.85980361372468
0.0026237366766731452 113.06583264489153
0.002633332092924007 113.27223664419145
0.0026429626011160094 113.47901628353765
0.0026526283295858844 113.68617223595031
0.002662329407139703 113.89370517555719
0.002672065963054606 114.10161577759472
0.0026818381270805247 114.30990471840904
0.0026916460294419023 114.51857267545655
0.002701489800839428 114.72762032730482
0.002711369572451791 114.93704835363377
0.002721285475937418 115.14685743523616
0.002731237643436239 115.35704825401888
0.002741226207571426 115.56762149300307
0.0027512513014511866 115.77857783632571
0.002761313058670521 115.98991796923998
0.002771411613313012 116.20164257811629
0.002781547099952595 116.41375235044273
0.002791719653655379 116.62624797482643
0.0028019294099814224 116.83913014099383
0.002812176504986551 117.0523995397917
0.002822461075224161 117.26605686318773
0.002832783257747052 117.48010280427133
0.0028431431901092515 117.69453805725468
0.002853541010367838 117.90936331747297
0.0028639768570847815 118.12457928138525
0.002874450869328803 118.34018664657539
0.0028849631866772144 118.55618611175238
0.002895513949217794 118.77257837675155
0.0029061032975506267 118.98936414253446
0.0029167313727900056 119.20654411119031
0.002927398316566298 119.42411898593613
0.002938104271027837 119.64208947111766
0.002948849378842805 119.86045627220962
0.002959633783201161 120.07922009581688
0.00297045762781652 120.2983816496745
0.0029813210569280854 120.51794164264871
0.00299222421530256 120.73790078473708
0.0030031672482360838 120.95825978706945
0.003014150301556175 121.17901936190846
0.00302517352162366 121.40018022264981
0.0030362370553346234 121.62174308382284
0.0030473410501223805 121.84370866109123
0.003058485653959429 122.06607767125334
0.0030696710153594337 122.28885083224287
0.003080897283379183 122.51202886312893
0.0030921646076205993 122.73561248411684
0.0031034731382327202 122.95960241654846
0.003114823025913704 123.1839993829027
0.003126214421912826 123.40880410679551
0.003137647478032519 123.63401731298099
0.0031491223466303705 123.85963972735114
0.0031606391806211697 124.0856720769365
0.003172198133478931 124.31211508990634
0.003183799359238951 124.53896949556916
0.0031954430124998645 124.766236024373
0.0032071292484256927 124.99391540790563
0.0032188582227479097 125.22200837889471
0.003230630091767532 125.45051567120841
0.0032424450123571882 125.67943801985528
0.0032543031419632264 125.90877616098496
0.0032662046386077825 126.1385308318877
0.0032781496608909164 126.36870277099524
0.003290138367992711 126.59929271788057
0.003302170919675397 126.83030141325834
0.0033142474762854705 127.06172959898464
0.003326368198755856 127.29357801805774
0.0033385332486080242 127.52584741461754
0.0033507427879541614 127.75853853394621
0.0033629969794993133 127.99165212246771
0.0033752959865435707 128.22518892774832
0.003387639972984243 128.45914969849656
0.0034000291033180335 128.69353518456316
0.0034124635426432287 128.92834613694077
0.0034249434566619138 129.16358330776453
0.003437469011682168 129.39924745031146
0.0034500403746202963 129.635339319001
0.003462657713003025 129.8718596693941
0.0034753211949697634 130.10880925819393
0.003488030989274831 130.34618884324533
0.0035007872652897043 130.58399918353467
0.0035135901930052906 130.82224103919
0.003526439943034162 131.06091517148036
0.0035393366866128596 131.30002234281594
0.003552280595604164 131.5395633167479
0.003565271842499375 131.7795388579676
0.0035783106004206263 132.019949732307
0.0035913970431231935 132.2607967067381
0.0036045313449977923 132.5020805493724
0.0036177136810729184 132.74380202946085
0.0036309442270171664 132.98596191739318
0.003644223159141583 133.22856098469782
0.003657550654402019 133.47160000404153
0.003670926890401475 133.7150797492286
0.0036843520453924655 133.9590009952005
0.0036978262982794133 134.20336451803567
0.0037113498286210195 134.4481710949487
0.003724922816632659 134.69342150428994
0.0037385454431887824 134.93911652554493
0.003752217889825327 135.18525693933378
0.0037659403387421356 135.43184352741045
0.003779712972805387 135.67887707266246
0.0037935359755500177 135.92635835910957
0.0038074095311822 136.174288171904
0.0038213338245817632 136.42266729732884
0.0038353090413046783 136.6714965227979
0.0038493353675855134 136.9207766368544
0.0038634129903399326 137.17050842917075
0.0038775420971671865 137.42069269054738
0.003891722876352598 137.67133021291193
0.0039059555168700732 137.92242178931818
0.003920240208384635 138.1739682139455
0.003934577141254939 138.42597028209764
0.003948966506535809 138.6784287902019
0.00396340849598079 138.9313445358079
0.003977903302044697 139.18471831758677
0.0039924511178861845 139.43855093532994
0.00400705213737032 139.6928431899482
0.004021706555071153 139.94759588347023
0.004036414566274342 140.20280981904187
0.004051176366979722 140.4584858009246
0.004065992153903936 140.71462463449447
0.0040808621244830395 140.97122712624062
0.004095786476875156 141.22829408376427
0.0041107654099630945 141.48582631577725
0.004125799123357026 141.74382463210077
0.004140887817397104 142.00228984366353
0.0041560316931561715 142.26122276250095
0.004171230952442425 142.52062420175335
0.004186485797802102 142.78049497566437
0.004201796432522187 143.0408358995797
0.004217163060633114 143.30164778994518
0.00423258588691149 143.5629314643055
0.004248065116882825 143.8246877413024
0.004263600956824252 144.08691744067272
0.004279193613767317 144.34962138324735
0.0042948432955006955 144.6128003909488
0.004310550210572988 144.87645528678968
0.004326314568295475 145.1405868948707
0.004342136578744938 145.40519604037914
0.004358016452766431 145.6702835495865
0.004373954401976118 145.93585024984696
0.004389950638764052 146.20189696959483
0.004406005376297046 146.46842453834302
0.004422118828521494 146.73543378668072
0.004438291210166225 147.0029255462713
0.004454522736745366 147.2709006498501
0.004470813624561211 147.53935993122226
0.004487164090707106 147.80830422526054
0.004503574353070347 148.07773436790285
0.004520044630335061 148.34765119614983
0.00453657514198516 148.61805554806293
0.004553166108307229 148.88894826276146
0.00456981775039348 149.16033018042037
0.004586530290144689 149.43220214226747
0.004603303950273162 149.70456499058125
0.0046201389543056946 149.97741956868788
0.004637035526586571 150.2507667209589
0.004653993892280513 150.52460729280804
0.004671014277375722 150.7989421306888
0.004688096908686868 151.07377208209164
0.004705242013858118 151.34909799554083
0.004722449821366172 151.62492072059183
0.004739720560523302 151.90124110782816
0.004757054461480411 152.1780600088584
0.0047744517552301075 152.45537827631318
0.004791912673609761 152.73319676384185
0.004809437449304612 153.01151632610956
0.0048270263158508835 153.29033781879406
0.004844679507638862 153.56966209858214
0.00486239725991603 153.84949002316628
0.00488017980879022 154.12982245124155
0.004898027391232737 154.41066024250196
0.004915940245081544 154.6920042576371
0.004933918609044403 154.97385535832836
0.00495196272270206 155.2562144072453
0.004970072826511459 155.5390822680422
0.004988249161808927 155.82245980535419
0.005006491970813396 156.10634788479337
0.005024801496629632 156.39074737294507
0.005043177983251472 156.67565913736388
0.005061621675565077 156.96108404656965
0.005080132819352199 157.2470229700435
0.0050987116612934355 157.53347677822342
0.00511735844897156 157.82044634250073
0.005136073430874778 158.10793253521518
0.005154856856400062 158.39593622965106
0.005173708975856458 158.68445830003245
0.005192630040468436 158.97349962151924
0.005211620302379247 159.2630610702024
0.0052306800146542575 159.55314352309952
0.005249809431284326 159.84374785814973
0.005269008807189208 160.13487495420955
0.0052882783982209315 160.4265256910479
0.005307618461167235 160.71870094934147
0.00532702925375494 161.01140161066908
0.005346511034653436 161.30462855750756
0.005366064063478103 161.59838267322627
0.005385688600793778 161.89266484208204
0.005405384908118205 162.18747594921368
0.005425153247925569 162.48281688063727
0.005444993883649947 162.77868852324042
0.005464907079688841 163.07509176477677
0.005484893101406686 163.37202749386057
0.005504952215138403 163.66949659996112
0.0055250846881929536 163.96749997339734
0.005545290788856878 164.26603850533155
0.005565570786397873 164.56511308776368
0.005585924951068406 164.8647246135258
0.00560635355410929 165.1648739762757
0.005626856867753326 165.46556207049116
0.0056474351652288845 165.7667897914632
0.0056680887207635955 166.06855803529055
0.005688817809587975 166.3708676988728
0.0057096227079391085 166.67371967990422
0.005730503693064302 166.977114876867
0.005751461043224827 167.28105418902516
0.005772495037699583 167.58553851641727
0.005793605956788845 167.89056875985003
0.005814794081817973 168.19614582089113
0.005836059695141191 168.50227060186253
0.005857403080145347 168.8089440058336
0.005878824521253665 169.11616693661344
0.005900324303929542 169.42394029874367
0.005921902714680376 169.73226499749165
0.005943560041061354 170.0411419388425
0.00596529657167932 170.350572029492
0.005987112596196567 170.66055617683833
0.006009008405334749 170.97109528897494
0.0060309842908787305 171.28219027468245
0.006053040545680482 171.59384204342066
0.00607517746366296 171.90605150532042
0.006097395339824075 172.21881957117603
0.006119694470240571 172.53214715243624
0.0061420751520719985 172.8460351611964
0.006164537683564654 173.16048451018955
0.006187082364055577 173.47549611277827
0.00620970949397654 173.79107088294595
0.006232419374858031 174.10720973528768
0.006255212309333273 174.42391358500137
0.006278088601142279 174.741183347879
0.006301048555135879 175.05901994029725
0.006324092477279811 175.37742427920858
0.0063472206746587444 175.69639728213107
0.006370433455480428 176.0159398671398
0.006393731129079768 176.33605295285668
0.006417114005922966 176.656737458441
0.006440582397611619 176.97799430357915
0.006464136616886939 177.2998244084754
0.006487776977633855 177.6222286938409
0.006511503794885236 177.94520808088413
0.006535317384826058 178.2687634912999
0.006559218064797646 178.59289584725948
0.006583206153301905 178.91760607139977
0.006607281970005538 179.2428950868123
0.006631445835744308 179.56876381703242
0.006655698072527343 179.89521318602849
0.006680039003541397 180.22224411819045
0.006704468953155184 180.54985753831892
0.006728988246923678 180.87805437161333
0.006753597211592441 181.20683554366022
0.0067782961751020184 181.53620198042213
0.006803085466592281 181.86615460822532
0.006827965416406794 182.19669435374755
0.006852936356097276 182.52782214400665
0.00687799861842796 182.8595389063474
0.006903152537380052 183.19184556842956
0.00692839844815619 183.52474305821508
0.006953736687184873 183.85823230395525
0.00697916759212501 184.19231423417818
0.007004691501870358 184.5269897776753
0.007030308756554072 184.8622598634884
0.007056019697553208 185.19812542089574
0.007081824667493308 185.53458737939926
0.007107724010252956 185.87164666871044
0.0071337180709683465 186.20930421873643
0.007159807196037876 186.54756095956583
0.007185991733126792 186.88641782145484
0.007212272031171799 187.22587573481266
0.00723864844038574 187.5659356301872
0.007265121312262207 187.9065984382497
0.007291690999580279 188.24786508978053
0.007318357856409201 188.58973651565373
0.007345122238113111 188.93221364682188
0.0073719845013557415 189.27529741430038
0.007398945004105241 189.61898874915244
0.007426004105638878 189.96328858247256
0.007453162166547864 190.30819784537096
0.007480419548742133 190.6537174689571
0.007507776615455192 190.9998483843235
0.007535233731248963 191.34659152252937
0.007562791262018615 191.69394781458334
0.00759044957499744 192.04191819142667
0.00761820903876178 192.3905035839162
0.007646070023235903 192.73970492280694
0.007674032899696978 193.0895231387347
0.007702098040779951 193.43995916219754
0.007730265820482577 193.79101392353874
0.007758536614170377 194.142688352928
0.007786910798581646 194.49498338034329
0.007815388751832445 194.84789993555177
0.007843970853421704 195.2014389480918
0.007872657484236212 195.55560134725303
0.007901449026555738 195.91038806205762
0.007930345864058084 196.26580002124024
0.007959348381824235 196.6218381532288
0.007988456966343498 196.97850338612446
0.008017672005518608 197.33579664768104
0.008046993888670915 197.69371886528475
0.008076423006545597 198.05227096593376
0.008105959751316831 198.4114538762168
0.00813560451659307 198.7712685222927
0.00816535769742221 199.13171582986814
0.008195219690296926 199.49279672417654
0.008225190893159923 199.8545121299561
0.008255271705409253 200.2168629714276
0.0082854625279036 200.57985017227156
0.008315763762967691 200.9434746556065
0.008346175814397595 201.30773734396516
0.008376699087466135 201.67263915927165
0.008407333988928262 202.03818102281775
0.008438080927026508 202.40436385523952
0.008468940311496424 202.77118857649316
0.008499912553572016 203.13865610583065
0.008530998065991223 203.5067673617749
0.00856219726300145 203.8755232620955
0.008593510560365055 204.24492472378301
0.008624938375364941 204.61497266302436
0.008656481126810028 204.98566799517582
0.008688139235040917 205.35701163473814
0.008719913121935454 205.7290044953297
0.008751803210914367 206.1016474896602
0.008783809926946865 206.474941529503
0.00881593369655639 206.84888752566926
0.008848174947826208 207.22348638797894
0.008880534110405174 207.59873902523387
0.008913011615513408 207.974646345189
0.00894560789594809 208.35120925452432
0.008978323386089218 208.72842865881603
0.009011158521905373 209.1063054625072
0.009044113740959528 209.48484056887793
0.009077189482414911 209.8640348800163
0.009110386187040824 210.2438892967875
0.009143704297218566 210.62440471880407
0.009177144256947245 211.00558204439403
0.009210706511849772 211.3874221705705
0.009244391509178766 211.7699259929997
0.00927819969782253 212.15309440596937
0.00931213152831098 212.53692830235576
0.00934618745282175 212.92142857359195
0.009380367925186118 213.30659610963403
0.009414673400895107 213.6924317989279
0.009449104337105548 214.07893652837578
0.009483661192646133 214.4661111833011
0.009518344428023613 214.85395664741532
0.009553154505428861 215.2424738027818
0.009588091888743034 215.6316635297807
0.009623157043543804 216.02152670707352
0.009658350437111513 216.41206421156653
0.00969367253843545 216.8032769183746
0.009729123818220052 217.19516570078383
0.009764704748891176 217.58773143021384
0.009800415804602445 217.98097497618065
0.009836257461241529 218.3748972062578
0.009872230196436484 218.76949898603783
0.009908334489562137 219.16478117909304
0.00994457082174646 219.56074464693577
0.009980939675876984 219.95739024897856
0.010017441536607238 220.35471884249333
0.010054076890363202 220.7527312825705
0.010090846225349795 221.15142842207752
0.010127750031557385 221.550811111617
0.010164788800768276 221.95088019948383
0.01020196302656336 222.35163653162323
0.010239273204328561 222.75308095158596
0.010276719831261579 223.155214300486
0.010314303406378376 223.55803741695456
0.010352024430519934 223.9615511370964
0.010389883406358881 224.36575629444377
0.010427880838406196 224.77065371991065
0.010466017233017932 225.17624424174628
0.010504293098401968 225.58252868548803
0.010542708944624779 225.9895078739139
0.010581265283618229 226.3971826269946
0.010619962629186401 226.80555376184464
0.01065880149701244 227.21462209267332
0.010697782404665424 227.62438843073483
0.010736905871607272 228.03485358427812
0.010776172419199618 228.44601835849545
0.010815582570710863 228.85788355547183
0.01085513685132302 229.27044997413185
0.010894835788138808 229.68371841018774
0.010934679910188637 230.0976896560859
0.010974669748437662 230.51236450095266
0.011014805835792865 230.92774373054027
0.011055088707110144 231.3438281271713
0.01109551889920146 231.76061846968304
0.01113609695084197 232.17811553337103
0.011176823402777218 232.59632008993196
0.011217698797730347 233.01523290740593
0.011258723680409312 233.43485475011798
0.011299898597514157 233.85518637861907
0.011341224097744296 234.27622854962627
0.011382700731805825 234.69798201596234
0.011424329052418827 235.12044752649413
0.011466109614324831 235.5436258260718
0.01150804297429408 235.9675176554649
0.011550129691133048 236.39212375129978
0.011592370325691843 236.81744484599565
0.011634765440871692 237.2434816676993
0.011677315601632437 237.67023494021998
0.011720021375000068 238.09770538296277
0.011762883330074279 238.52589371086177
0.011805902038036048 238.95480063431194
0.011849078072155255 239.38442685910076
0.011892412007798314 239.81477308633862
0.011935904422435847 240.2458400123885
0.011979555895650374 240.67762832879495
0.012023367009144045 241.11013872221233
0.012067338346746387 241.54337187433188
0.01211147049442205 241.97732846180773
0.012155764040278716 242.41200915618373
0.012200219574574797 242.84741462381638
0.012244837689727417 243.28354552579995
0.01228961898032025 243.72040251788877
0.012334564043111456 244.15798625041938
0.012379673477041633 244.59629736823157
0.012424947883241796 245.0353365105884
0.012470387865041396 245.4751043110956
0.01251599402797635 245.9156013976197
0.012561766979797113 246.35682839220533
0.012607707330476786 246.7987859109915
0.012653815692219232 247.24147456412712
0.01270009267946725 247.684894955685
0.012746538908910709 248.12904768357507
0.012793154999494889 248.57393333945768
0.012839941572428562 249.019552508653
0.01288689925119244 249.46590577005335
0.012934028661547333 249.9129936960304
0.012981330431542582 250.36081685234439
0.013028805191524441 250.8093757980511
0.013076453574144373 251.25867108540663
0.013124276214367583 251.70870325977327
0.013172273749481444 252.15947285952257
0.013220446819103978 252.61098041593777
0.0132687960651924 253.0632264531153
0.013317322132051652 253.5162114878645
0.013366025666343012 253.9699360296068
0.013414907317092693 254.4244005802733
0.013463967735700497 254.87960563420117
0.013513207575948503 255.33555167802893
0.01356262749400977 255.79223919059035
0.013612228148457082 256.24966864280714
0.013662010200271734 256.7078404975802
0.013711974312852338 257.16675520968
0.013762121152023615 257.6264132256346
0.013812451386045395 258.08681498361824
0.013862965685621342 258.5479609133359
0.013913664723908084 259.00985143590924
0.013964549176524005 259.47248696375885
0.01401561972155838 259.93586790048687
0.01406687703958035 260.3999946407565
0.014118321813648003 260.8648675701718
0.014169954729317478 261.33048706515456
0.0142217764746521 261.7968534928205
0.014273787740231554 262.2639672108535
0.014325989219161077 262.73182856737867
0.014378381607080704 263.20043790083366
0.01443096560217453 263.6697955398382
0.014483741905180026 264.1399018030627
0.014536711219397376 264.6107569990943
0.014589874250698794 265.08236142630165
0.014643231707538073 265.55471537269915
0.014696784300959822 266.02781911580684
0.014750532744609163 266.5016729225121
0.014804477754741033 266.9762770489258
0.01485862005022988 267.45163174024
0.014912960352579177 267.9277372305819
0.014967499385931044 268.4045937428667
0.015022237877075907 268.88220148864843
0.015077176555462177 269.3605606679689
0.01513231615320597 269.8396714692048
0.015187657405100868 270.3195340689132
0.015243201048627706 270.8001486316744
0.015298947823964406 271.28151530993364
0.015354898473995831 271.76363424384004
0.015411053744323708 272.2465055610842
0.015467414383276493 272.73012937673286
0.015523981141919486 273.2145057930632
0.015580754774064648 273.6996348993923
0.015637736036280853 274.18551677190777
0.015694925687903774 274.6721514734926
0.015752324491046143 275.15953905355127
0.015809933210607852 275.6476795478313
0.015867752614286145 276.1365729782431
0.015925783472585855 276.62621935267833
0.01598402655882968 277.11661866482456
0.01604248264916847 277.6077708939789
0.016101152522591585 278.0996760048581
0.01616003696093727 278.59233394740704
0.01621913674890308 279.08574465660445
0.01627845267405633 279.5799080522658
0.0163379855268446 280.07482403884455
0.016397736100606203 280.5704925052291
0.01645770519158093 281.06691332453994
0.016517893598920416 281.56408635392046
0.016578302124699035 282.062011434329
0.016638931573924383 282.5606883903246
0.01669978275454814 283.06011702985234
0.01676085647747678 283.56029714402524
0.016822153556582398 284.0612285069027
0.016883674808713535 284.5629108752667
0.016945421053706083 285.06534398839483
0.0170073931143942 285.5685275678305
0.017069591816621276 286.07246131714936
0.017132017989250944 286.577144921724
0.017194672464178114 287.0825780484843
0.017257556076340073 287.5887603456751
0.017320669663727615 288.0956914426106
0.01738401406739614 288.60337094942497
0.017447590131477026 289.11179845682176
0.017511398703188647 289.62097353581584
0.017575440632847914 290.130895737477
0.017639716773881365 290.64156459266474
0.017704227982836725 291.15297961176475
0.017768975119394223 291.6651402844174
0.01783395904637808 292.1780460792457
0.017899180629767995 292.6916964435773
0.017964640738710697 293.20609080316456
0.018030340245531514 293.72122856189924
0.018096280025746012 294.2371091015248
0.018162460958071645 294.75373178134333
0.018228883924439485 295.2710959379194
0.018295549810005952 295.7892008847797
0.018362459503164643 296.3080459121083
0.018429613895558118 296.8276302864374
0.018497013882089828 297.34795325033514
0.018564660360936056 297.86901402208764
0.018632554233557804 298.3908117953769
0.01870069640471289 298.91334573895523
0.018769087782467973 299.4366149963135
0.01883772927821065 299.96061868534656
0.01890662180666158 300.48535589801224
0.018975766285886757 301.0108256999872
0.019045163637309615 301.53702713031623
0.01911481478572345 302.0639592010584
0.01918472065930361 302.59162089692666
0.019254882189619963 303.1200111749231
0.01932530031164926 303.64912896396925
0.019395975963787615 304.1789731645304
0.019466910087862985 304.7095426482351
0.019538103629147784 305.2408362574891
0.01960955753637137 305.77285280508346
0.019681272761732826 306.30559107379776
0.01975325026091351 306.8390498159965
0.019825490993089896 307.37322775322076
0.019897995920946307 307.9081235757733
0.019970766010687764 308.4437359422979
0.020043802232052807 308.980063479352
0.020117105558326537 309.51710478097465
0.020190676966353432 310.0548584082457
0.02026451743655051 310.5933228888413
0.020338627952920282 311.1324967165803
0.020413009503063927 311.67237835096586
0.020487663078194437 312.21296621671934
0.020562589673149834 312.75425870330764
0.020637790286406384 313.29625416446305
0.020713265920091994 313.8389509176968
0.020789017579999444 314.3823472438044
0.020865046275599927 314.9264413863644
0.020941353020056362 315.47123155122864
0.021017938830237004 316.0167159060062
0.02109480472672895 316.56289257953836
0.02117195173385174 317.1097596613659
0.02124938087967099 317.6573152011889
0.021327093196012167 318.2055572083176
0.021405089718474213 318.75448365111504
0.021483371486443498 319.30409245643193
0.021561939543107516 319.85438150903104
0.021640794935468905 320.40534865100534
0.02171993871435935 320.9569916811847
0.02179937193445359 321.50930835453477
0.021879095654283448 322.06229638154616
0.021959110936252024 322.61595342761444
0.02203941884664772 323.1702771124095
0.02212002045565859 323.7252650092367
0.022200916837386484 324.28091464438603
0.02228210906986143 324.8372234964726
0.02236359823505598 325.3941889957657
0.022445385418899642 325.9518085235084
0.022527471711293295 326.51007941122464
0.022609858206123823 327.06899894001685
0.02269254600127855 327.62856433985144
0.022775536198660025 328.18877278883343
0.02285882990420056 328.74962141246857
0.02294242822787707 329.31110728291463
0.02302633228372582 329.8732274182199
0.023110543189857297 330.4359787815492
0.023195062068471044 330.9993582803977
0.02327989004587074 331.5633627657922
0.023365028252479048 332.127989031478
0.02345047782285285 332.6932338130943
0.023536239895698207 333.259093787334
0.023622315613885645 333.8255655710914
0.02370870612446534 334.3926457205945
0.023795412578682416 334.96033073052365
0.023882436131992247 335.52861703311464
0.023969777944075954 336.09750099724795
0.02405743917885571 336.6669789275212
0.024145421004510427 337.23704706330767
0.024233724593491143 337.80770157779716
0.024322351122536785 338.37893857702176
0.02441130177268979 338.9507540988648
0.024500577729311853 339.52314411205225
0.024590180182099686 340.0961045151276
0.024680110325100982 340.6696311354089
0.024770369356730174 341.2437197279272
0.024860958479784548 341.81836597434756
0.02495187890146018 342.39356548187044
0.02504313183336804 342.9693137821142
0.02513471849155017 343.5456063299786
0.025226640096495844 344.1224385024873
0.02531889787315791 344.69980559761086
0.025411493050969004 345.27770283306825
0.025504426863857985 345.8561253451073
0.02559770055026644 346.43506818726405
0.025691315353165104 347.01452632909877
0.02578527252007041 347.59449465490957
0.02587957330306123 348.1749679624241
0.025974218958795404 348.75594096146557
0.02606921074852665 349.3374082725963
0.026164549938121215 349.9193644257352
0.026260237798074855 350.50180385875103
0.026356275603529725 351.08472091602954
0.02645266463429138 351.66810984701357
0.02654940617484578 352.25196480471686
0.026646501514376537 352.83627984421037
0.026743951946781908 353.42104892107955
0.02684175877069224 354.00626588985386
0.026939923289487088 354.5919245024056
0.02703844681131272 355.1780184063197
0.027137330649099484 355.76454114323184
0.027236576120579337 356.3514861471355
0.027336184548303336 356.93884674265604
0.027436157259659408 357.52661614329304
0.027536495586889847 358.11478744962693
0.027637200867109222 358.7033536474929
0.02773827444232213 359.2923076061183
0.02783971765944109 359.8816420762239
0.027941531870304476 360.4713496880886
0.028043718431694578 361.06142294957544
0.028146278705355594 361.6518542441191
0.02824921405801192 362.242635828674
0.02835252586138619 362.8337598316208
0.028456215492217697 363.42521825063153
0.028560284332280667 364.01700295049227
0.028664733768402697 364.6091056608818
0.028769565192483224 365.2015179741049
0.0288747800015121 365.7942313427806
0.028980379597588122 366.3872370774823
0.02908636538793789 366.98052634433105
0.029192738784934346 367.5740901625374
0.02929950120611577 368.16791940189444
0.02940665407420457 368.7620047802177
0.029514198817126285 369.35633686073214
0.029622136868028604 369.95090604940464
0.02973046966530046 370.54570259222
0.029839198652591162 371.14071657239975
0.029948325278829756 371.73593790756286
0.030057850998244155 372.3313563468239
0.030167777270380672 372.9269614678314
0.03027810556012339 373.5227426737416
0.030388837337713703 374.11868919012653
0.030499974078769906 374.7147900618157
0.030611517264306887 375.311034149669
0.030723468380755764 375.9074101272784
0.03083582891998388 376.5039064775981
0.030948600379314465 377.1005114894991
0.031061784261546748 377.6972132542486
0.031175382074975926 378.29399966190965
0.03128939533341326 378.89085839766136
0.03140382555620626 379.48777693803515
0.03151867426825894 380.0847425470668
0.03163394300005207 380.6817422723605
0.031749633287663726 381.27876294106363
0.03186574667278957 381.8757911557479
0.031982284702763535 382.4728132901973
0.03209924893057839 383.06981548509697
0.03221664091490645 383.6667836436225
0.03233446222012028 384.2637034269252
0.03245271441631371 384.8605602495125
0.032571399079322536 385.4573392745172
0.03269051779074572 386.05402540885666
0.03281007213796633 386.6506032982738
0.03293006371417274 387.24705732226136
0.033050494118379896 387.84337158886234
0.03317136495545058 388.43952992934453
0.03329267783611677 389.035515892745
0.033414434377001236 389.6313127402824
0.03353663620063887 390.2269034396285
0.033659284935498544 390.82227065904146
0.0337823822160046 391.4173967613497
0.03390592968255879 392.0122637977877
0.03402992898156205 392.60685350167506
0.03415438176543646 393.20114728193596
0.034279289692647257 393.7951262164541
0.03440465442772497 394.3887710452572
0.034530477641287576 394.9820621635261
0.03465676101006275 395.5749796144233
0.034783506216910204 396.1675030817345
0.03491071495084415 396.7596118823178
0.035038388907055844 397.3512849583551
0.03516652978693603 397.9425008693963
0.03529513929809772 398.53323778419366
0.035424219154399014 399.12347347231747
0.03555377107596578 399.71318529554503
0.03568379678921468 400.302350199017
0.03581429802687619 400.89094470215315
0.035945276528017545 401.47894488931814
0.03607673403806617 402.0663264002322
0.036208672308832644 402.653064420113
0.03634109309853433 403.2391336695459
0.03647399817181856 403.82450839406636
0.036607389299786304 404.4091623534516
0.036741268260015725 404.99306881070595
0.03687563683658587 405.57620052073264
0.0370104968201004 406.15852971867855
0.037145850007711596 406.7400281079438
0.03728169820314406 407.3206668478396
0.03741804321671906 407.9004165408878
0.03755488686537835 408.4792472197423
0.0376922309727086 409.05712833372553
0.037830077368965626 409.6340287349611
0.037968427891098756 410.20991666409054
0.03810728438277529 410.7847597355573
0.03824664869440521 411.3585249224438
0.03838652268316562 411.9311785408421
0.03852690821302573 412.50268623374404
0.03866780715477147 413.07301295443006
0.03880922138603059 413.6421229493389
0.03895115279129759 414.20997974039835
0.03909360326195892 414.7765461067957
0.039236574696318 415.3417840661663
0.039380068999620814 415.90565485517936
0.039524088084080956 416.4681189094922
0.03966863386890545 417.0291358430559
0.03981370828032002 417.58866442673803
0.039959313251594984 418.14666256624184
0.040105450723070896 418.70308727928915
0.040252122642184474 419.2578946720392
0.04039933096349445 419.8110399147108
0.040547077648707776 420.362477216377
0.04069536466670558 420.9121597988939
0.040844193993569596 421.460039869933
0.0409935676126083 422.00606859507235
0.041143487514383494 422.5501960689139
0.04129395569673677 423.09237128517884
0.04144497416481616 423.63254210574087
0.04159654493110275 424.170655228549
0.04174867001543772 424.70665615439407
0.04190135144504898 425.2404891524623
0.04205459125457847 425.7720972246301
0.042208391486109026 426.3014220684344
0.04236275418919175 426.8284040386669
0.04251768142087326 427.3529821075239
0.04267317524572316 427.8750938232478
0.0428292377358614 428.3946752671895
0.04298587097098614 428.91166100921924
0.04314307703840118 429.425984061406
0.043300858033044065 429.9375758298853
0.04345921605751372 430.4463660648274
0.04361815322209867 430.9522828084141
0.043777671644805095 431.4552523407291
0.043937773451385075 431.955199123456
0.04409846077536479 432.4520457412784
0.04425973575807324 432.9457128408668
0.044421600548670406 433.436119067328
0.04458405730417627 433.92318099799235
0.044747108189499216 434.40681307339753
0.04491075537746513 434.8869275253284
0.04507500104884623 435.36343430175424
0.045239847392390196 435.8362409885044
0.04540529660484921 436.305252727505
0.04557135089100946 436.77037213139505
0.04573801246372022 437.2314991943227
0.04590528354392368 437.6885311987153
0.0460731663606842 438.14136261779845
0.04624166315121828 438.5898850136284
0.046410776160924226 439.03398693038446
0.04658050764341216 439.47355378265064
0.046750859860533914 439.9084677384005
0.04692183508241342 440.3386075963761
0.04709343558747663 440.7638486575325
0.04726566366248224 441.18406259019673
0.04743852160255183 441.5991172885642
0.04761201171120066 442.0088767241299
0.047786136300368355 442.4132007896224
0.04796089769044958 442.8119451349763
0.04813629821032505 443.2049609948475
0.04831234019739265 443.59209500713564
0.04848902599759844 443.9731890219401
0.048666357965467935 444.34807990033084
0.04884433846413758 444.71659930227156
0.049022969865386117 445.07857346297453
0.04920225454966638 445.43382295691805
0.04938219490613673 445.78216244868986
0.049562793332693166 446.1234004297563
0.04974405223600112 446.45733894018315
0.04992597403152761 446.7837732742533
0.05010856114357332 447.10249166883847
0.05029181600530513 447.4132749732887
0.050475741058788194 447.7158962994927
0.050660338755018894 448.01012065065186
0.0508456115539571 448.29570452717695
0.05103156192455926 448.57239550798226
0.051218192344811134 448.8399318052903
0.05140550530176091 449.0980417908934
0.0515935032915522 449.34644349162664
0.05178218881945755 449.5848440515978
0.051971564399911525 449.8129391584852
0.05216163255654453 450.0304124309593
0.05235239582221614 450.23693476399274
0.05254385673904908 450.43216362850643
0.05273601785846298 450.61574232144125
0.05292888174120845 450.78729916194567
0.053122450957401084 450.94644662892546
0.05331672808655592 451.0927804347007
0.05351171571762153 451.22587852895566
0.053707416449014854 451.345300026535
0.05390383288865548 451.45058405193186
0.05410096765400068 451.541248492511
0.05429882337208013 451.6167886516031
0.054497402679530994 451.67667579158376
0.05469670822263295 451.7203555558811
0.05489674265734369 451.7472462575362
0.055097508649333986 451.7567370204257
0.055299008874023545 451.7481857575352
0.05550124601661636 451.72091696869194
0.055704222772136734 451.6742193379022
0.055907941845465055 451.60734310782635
0.05611240595137392 451.5194972059163
0.05631761781456417 451.409846093257
0.05652358016970149 451.2775063031177
0.05673029576145245 451.1215426315182
0.056937767344521495 450.9409639366373
0.0571459976836873 450.7347184974755
0.05735498955383985 450.50168887465287
0.057564745740017326 450.24068620735295
0.05777526903744325 449.9504438699333
0.0579865622515636 449.6296103992806
0.05819862819808451 449.2767415891634
0.05841146970300939 448.89029163011236
0.058625089602676955 448.46860315206663
0.05883949074379872 448.00989600135415
0.05905467598349715 447.5122545524553
0.05927064818934364 446.973613317123
0.05948741023939675 446.3917405670613
0.059704965022240465 445.76421962932704
0.05992331543702295 445.0884274430258
0.060142464393494806 444.3615098780122
0.06036241481204825 443.5803532062297
0.06058316962375566 442.7415509775247
0.06080473177040888 441.8413653754657
0.06102710420455836 440.875681903092
0.061250289889552494 439.83995595746313
0.061474291799576995 438.7291494731656
0.06169911291969485 437.5376553175905
0.06192475624588565 436.25920646121085
0.06215122478508598 434.88676606194434
0.06237852155522907 433.4123934039694
0.06260664958528532 431.8270789857689
0.06283561191530251 430.12053976262655
0.06306541159644641 428.28096231616433
0.0632960516910412 426.29467708559616
0.06352753527261075 424.1457400229454
0.063759865425919 421.8153879509363
0.06399304524701158 419.28131856088237
0.06422707784325668 416.5167220773963
0.06446196633338672 413.48895332593196
0.06469771384753976 410.1576697054905
0.06493432352730136 406.4721524086323
0.06517179852574614 402.3673355567208
0.06541014200748031 397.7577079930561
0.06564935714868325 392.52754110224765
0.06588944713715032 386.51439078088
0.0661304151723351 379.4793561106164
0.066372264465392 371.0486910257983
0.06661499823921921 360.5850666228491
0.06685861972850149 346.8513828042816
0.06710313217975349 326.8519455482457
0.06734853885136272 288.542452580274
