0.0009999999999999994 682.0885293936514
0.0010024555624270834 682.925386840331
0.001004917154640999 683.7632706147415
0.0010073847914482674 684.6021819730175
0.0010098584876917617 685.442122172813
0.0010123382582508096 686.2830924733078
0.001014824118041268 687.1250941352042
0.001017316082015629 687.968128420734
0.0010198141651630939 688.8121965936555
0.0010223183825096753 689.6572999192583
0.0010248287491182826 690.5034396643642
0.001027345280088812 691.3506170973287
0.0010298679905582392 692.198833488043
0.0010323968957007097 693.0480901079353
0.0010349320107276294 693.8983882299734
0.0010374733508877586 694.7497291286661
0.0010400209314672978 695.602114080064
0.0010425747677899897 696.4555443617637
0.001045134875217199 697.3100212529059
0.0010477012691480173 698.1655460341816
0.0010502739650193435 699.0221199878291
0.0010528529783059896 699.8797443976406
0.0010554383245207593 700.7384205489594
0.001058030019214557 701.5981497286856
0.0010606280779764663 702.4589332252748
0.0010632325164338546 703.3207723287417
0.0010658433502524626 704.1836683306616
0.001068460595136499 705.0476225241715
0.0010710842668287348 705.9126362039723
0.0010737143811105994 706.778710666331
0.0010763509538022733 707.6458472090819
0.0010789940007627863 708.5140471316287
0.0010816435378901063 709.3833117349445
0.0010842995811212476 710.2536423215784
0.0010869621464323499 711.1250401956509
0.0010896312498387918 711.9975066628613
0.0010923069073952704 712.8710430304849
0.0010949891351959146 713.7456506073796
0.001097677949374367 714.6213307039826
0.0011003733661038872 715.498084632315
0.0011030754015974558 716.3759137059852
0.001105784072107857 717.254819240186
0.0011084993939277931 718.1348025517016
0.0011112213833899655 719.0158649589047
0.0011139500568671903 719.8980077817628
0.0011166854307724805 720.7812323418354
0.0011194275215591564 721.6655399622799
0.0011221763457209398 722.5509319678507
0.0011249319197920535 723.4374096849023
0.0011276942603473214 724.3249744413903
0.0011304633840022677 725.2136275668743
0.0011332393074132167 726.1033703925183
0.0011360220472773953 726.9942042510942
0.0011388116203330267 727.8861304769808
0.001141608043359443 728.7791504061703
0.0011444113331771713 729.6732653762643
0.0011472215066480503 730.5684767264811
0.001150038580675316 731.4647857976529
0.0011528625722037192 732.3621939322315
0.001155693498219613 733.2607024742872
0.0011585313757510654 734.160312769512
0.0011613762218679565 735.061026165221
0.0011642280536820833 735.9628440103554
0.001167086888347261 736.8657676554818
0.001169952743059428 737.7697984527965
0.0011728256350567474 738.6749377561265
0.0011757055816197127 739.5811869209303
0.0011785926000712499 740.4885473043013
0.001181486707776824 741.3970202649689
0.0011843879221445379 742.3066071632999
0.0011872962606252482 743.2173093613015
0.0011902117407126547 744.1291282226214
0.0011931343799434229 745.0420651125521
0.0011960641958972719 745.9561213980293
0.0011990012061970977 746.8712984476383
0.0012019454285090627 747.7875976316109
0.0012048968805427138 748.7050203218306
0.001207855580051084 749.6235678918333
0.0012108215448308002 750.5432417168093
0.0012137947927221894 751.4640431736052
0.001216775341609387 752.3859736407255
0.0012197632094204454 753.309034498335
0.0012227584141274366 754.2332271282592
0.0012257609737465675 755.158552913988
0.0012287709063382845 756.0850132406765
0.0012317882300073816 757.0126094951471
0.0012348129629031108 757.9413430658911
0.001237845123219291 758.8712153430715
0.0012408847291944163 759.8022277185229
0.0012439317991117683 760.7343815857558
0.00124698635129952 761.6676783399556
0.0012500484041308576 762.6021193779882
0.0012531179760240754 763.5377060983974
0.0012561950854427036 764.4744399014112
0.001259279750895602 765.4123221889395
0.0012623719909370889 766.3513543645802
0.001265471824167035 767.291537833616
0.0012685792692309931 768.2328740030224
0.0012716943448202933 769.1753642814634
0.001274817069672168 770.1190100792973
0.0012779474625698591 771.063812808578
0.001281085542342733 772.0097738830558
0.001284231327866388 772.9568947181788
0.001287384838062781 773.9051767310983
0.0012905460919003231 774.8546213406648
0.0012937151083940136 775.8052299674364
0.0012968919066055347 776.7570040336749
0.0013000765056433844 777.7099449633523
0.0013032689246629757 778.6640541821486
0.0013064691828667632 779.6193331174569
0.0013096772995043527 780.5757831983838
0.0013128932938726193 781.5334058557512
0.0013161171853158223 782.4922025220989
0.0013193489932257223 783.4521746316855
0.0013225887370416972 784.4133236204912
0.0013258364362508613 785.3756509262195
0.0013290921103881754 786.3391579882972
0.0013323557790365784 787.303846247881
0.0013356274618270864 788.2697171478529
0.0013389071784389306 789.2367721328287
0.0013421949485996558 790.2050126491534
0.0013454907920852591 791.1744401449098
0.0013487947287202887 792.145056069913
0.0013521067783779832 793.1168618757202
0.0013554269609803737 794.089859015626
0.0013587552964984114 795.0640489446665
0.0013620918049520943 796.0394331196243
0.001365436506410571 797.0160129990242
0.0013687894209922819 797.9937900431419
0.001372150568865058 798.9727657139991
0.001375519970246265 799.9529414753721
0.001378897645402904 800.9343187927876
0.001382283614651749 801.9168991335289
0.0013856778983594603 802.9006839666355
0.0013890805169427113 803.8856747629064
0.001392491490868309 804.8718729949007
0.0013959108406533182 805.8592801369406
0.0013993385868651845 806.8478976651124
0.0014027747501218592 807.8377270572691
0.0014062193510919181 808.8287697930311
0.001409672410494698 809.8210273537912
0.001413133949100403 810.8145012227108
0.0014166039877302509 811.809192884729
0.001420082547256576 812.8051038265572
0.001423569648602977 813.8022355366879
0.0014270653127444223 814.8005895053907
0.0014305695607073911 815.8001672247176
0.001434082413569993 816.8009701885044
0.0014376038924620962 817.8029998923718
0.0014411340185654545 818.8062578337277
0.001444672813113835 819.8107455117695
0.0014482202973931458 820.816464427485
0.0014517764927415649 821.8234160836558
0.0014553414205496621 822.8316019848567
0.001458915102260543 823.8410236374618
0.0014624975593699567 824.8516825496408
0.0014660888134264477 825.8635802313668
0.001469688886031463 826.8767181944125
0.001473297798839505 827.8910979523579
0.001476915573558238 828.9067210205861
0.0014805422319486429 829.9235889162916
0.001484177795825127 830.9417031584762
0.001487822287055665 831.9610652679539
0.001491475727561937 832.9816767673548
0.0014951381393194432 834.0035391811218
0.0014988095443576562 835.0266540355185
0.0015024899647601332 836.0510228586244
0.0015061794226646687 837.0766471803441
0.0015098779402634098 838.1035285324031
0.0015135855398030024 839.1316684483529
0.001517302243584719 840.1610684635725
0.0015210280739645944 841.1917301152693
0.0015247630533535604 842.2236549424823
0.0015285072042175798 843.2568444860831
0.0015322605490777825 844.291300288778
0.001536023110510601 845.3270238951104
0.0015397949111479008 846.3640168514611
0.0015435759736771306 847.4022807060537
0.001547366320841439 848.4418170089513
0.0015511659754398324 849.4826273120643
0.0015549749603272908 850.5247131691465
0.0015587932984149268 851.5680761358027
0.0015626210126701034 852.6127177694849
0.0015664581261165867 853.6586396294991
0.0015703046618346776 854.7058432770042
0.0015741606429613524 855.7543302750154
0.001578026092690401 856.8041021884051
0.0015819010342725684 857.8551605839058
0.001585785491015692 858.9075070301109
0.0015896794862848452 859.9611430974782
0.0015935830435024694 861.0160703583286
0.0015974961861485323 862.0722903868538
0.0016014189377606457 863.1298047591106
0.0016053513219342315 864.1886150530305
0.00160929336232264 865.2487228484149
0.001613245082637315 866.3101297269429
0.0016172065066479174 867.3728372721681
0.0016211776581824748 868.4368470695227
0.0016251585611275357 869.5021607063222
0.0016291492394282913 870.5687797717608
0.001633149717088744 871.636705856921
0.0016371600181718285 872.7059405547682
0.0016411801667995738 873.7764854601581
0.0016452101871532409 874.8483421698357
0.0016492501034734688 875.9215122824384
0.001653299940060421 876.9959973984973
0.0016573597212739322 878.0717991204392
0.0016614294715336533 879.1489190525891
0.0016655092153192014 880.2273588011718
0.0016695989771702985 881.3071199743121
0.0016736987816869356 882.3882041820409
0.0016778086535294994 883.4706130362915
0.0016819286174189426 884.5543481509077
0.001686058698136911 885.6394111416391
0.0016901989205259141 886.7258036261497
0.001694349309489454 887.8135272240137
0.0016985098899921904 888.9025835567218
0.0017026806870600844 889.992974247681
0.001706861725780549 891.084700922217
0.001711053031302602 892.1777652075765
0.0017152546288370153 893.2721687329282
0.001719466543656468 894.3679131293655
0.001723688801095697 895.4650000299081
0.0017279214265516515 896.5634310695035
0.0017321644454836452 897.6632078850305
0.0017364178834135026 898.7643321152976
0.0017406817659257293 899.8668054010503
0.0017449561186676436 900.9706293849665
0.0017492409673495542 902.075805711666
0.0017535363377448908 903.1823360277035
0.0017578422556903835 904.2902219815792
0.0017621587470861959 905.399465223734
0.0017664858378960966 906.5100674065554
0.0017708235541476086 907.6220301843779
0.0017751719219321672 908.7353552134849
0.0017795309674052769 909.8500441521111
0.001783900716786668 910.9660986604433
0.001788281196360456 912.083520400624
0.0017926724324752994 913.2023110367526
0.0017970744515445518 914.3224722348846
0.0018014872800464373 915.4440056630395
0.0018059109445241874 916.5669129911965
0.0018103454715862192 917.6911958912999
0.0018147908879062862 918.8168560372601
0.0018192472202236416 919.9438951049553
0.0018237144953431998 921.0723147722346
0.0018281927401356897 922.2021167189162
0.0018326819815378346 923.3333026267953
0.0018371822465524895 924.4658741796394
0.0018416935622488297 925.599833063197
0.001846215955762487 926.7351809651916
0.0018507494542957404 927.8719195753322
0.0018552940851176535 929.0100505853072
0.0018598498755642578 930.1495756887917
0.0018644168530387087 931.2904965814479
0.001868995045011451 932.4328149609255
0.0018735844790203856 933.5765325268655
0.001878185182671034 934.721650980901
0.0018827971836367053 935.8681720266596
0.001887420509658663 937.0160973697652
0.0018920551885462853 938.1654287178382
0.001896701248177249 939.3161677805017
0.0019013587164976727 940.4683162693772
0.001906027621522313 941.6218758980931
0.0019107079913347042 942.7768483822803
0.0019153998540873548 943.9332354395798
0.0019201032380018904 945.0910387896388
0.0019248181713692502 946.250260154119
0.0019295446825498314 947.4109012566915
0.0019342827999736785 948.5729638230445
0.001939032552140647 949.736449580882
0.0019437939676205747 950.9013602599264
0.0019485670750534546 952.0676975919209
0.001953351903149607 953.2354633106303
0.0019581484806898523 954.4046591518438
0.001962956836525686 955.5752868533767
0.0019677769995794427 956.7473481550702
0.00197260899884449 957.9208447987982
0.001977452863385377 959.0957785284626
0.0019823086223380356 960.2721510900017
0.00198717630490993 961.4499642313858
0.0019920559403802584 962.629219702625
0.0019969475581001054 963.8099192557662
0.0020018511874926297 964.9920646448965
0.00200676685805325 966.1756576261479
0.0020116945993497995 967.3606999576931
0.0020166344410227307 968.5471933997547
0.0020215864127852657 969.7351397145994
0.002026550544423605 970.9245406665473
0.002031526865797076 972.1153980219664
0.0020365154068383374 973.3077135492805
0.0020415161975535453 974.5014890189675
0.0020465292680225395 975.6967262035628
0.0020515546483990217 976.8934268776601
0.0020565923689107378 978.0915928179138
0.002061642459859661 979.2912258030411
0.002066704951622171 980.4923276138225
0.002071779874649241 981.6949000331056
0.002076867259466619 982.8989448458052
0.002081967136675002 984.1044638389045
0.0020870795369502433 985.3114588014607
0.002092204491043512 986.5199315246023
0.002097342029781493 987.729883801533
0.0021024921840665668 988.9413174275342
0.0021076549848769964 990.1542341999641
0.0021128304632671148 991.3686359182627
0.00211801865036751 992.5845243839517
0.002123219577385214 993.8019014006368
0.00212843327560389 995.0207687740093
0.0021336597763840144 996.2411283118465
0.0021388991111630836 997.4629818240184
0.002144151311455775 998.6863311224813
0.0021494164088541688 999.9111780212891
0.002154694435027905 1001.1375243365858
0.0021599854217244064 1002.3653718866153
0.0021652894007690403 1003.594722491717
0.0021706064040653296 1004.8255779743308
0.0021759364635951387 1006.0579401589987
0.002181279611418863 1007.2918108723651
0.0021866358796756255 1008.5271919431801
0.0021920053005834686 1009.7640852023002
0.0021973879064395483 1011.0024924826903
0.0022027837296203284 1012.2424156194259
0.002208192802581774 1013.4838564496937
0.002213615157859551 1014.7268168127953
0.0022190508280692106 1015.9712985501457
0.002224499845906407 1017.2173035052801
0.002229962244147065 1018.4648335238489
0.0022354380556476082 1019.7138904536265
0.002240927313345126 1020.9644761445066
0.0022464300502576025 1022.2165924485096
0.0022519462994840876 1023.4702412197796
0.0022574760942049073 1024.7254243145876
0.0022630194676818774 1025.9821435913368
0.0022685764532584724 1027.2404009105571
0.0022741470843600617 1028.5001981349153
0.0022797313944940747 1029.7615371292077
0.0022853294172502383 1031.0244197603708
0.0022909411863007456 1032.2888478974753
0.0022965667354004826 1033.5548234117323
0.002302206098387221 1034.8223481764946
0.0023078593091818223 1036.0914240672562
0.002313526401788443 1037.3620529616562
0.0023192074102947394 1038.634236739479
0.002324902368872072 1039.9079772826572
0.0023306113117757127 1041.183276475272
0.002336334273345042 1042.4601362035544
0.0023420712880037765 1043.7385583558914
0.002347822390260147 1045.0185448228194
0.002353587614707136 1046.3000974970346
0.002359366996022657 1047.5832182733873
0.002365160568969792 1048.86790904889
0.002370968368396973 1050.1541717227133
0.002376790429238211 1051.4420081961907
0.002382626786513299 1052.7314203728204
0.002388477475328023 1054.022410158265
0.0023943425308743725 1055.3149794603553
0.002400221988430755 1056.6091301890895
0.002406115883362204 1057.9048642566368
0.0024120242511205983 1059.2021835773385
0.002417947127244861 1060.5010900677084
0.002423884547361199 1061.8015856464367
0.0024298365471832847 1063.1036722343886
0.0024358031625125033 1064.4073517546094
0.002441784429238137 1065.712626132322
0.002447780383337613 1067.0194972949332
0.0024537910608766855 1068.327967172029
0.0024598164980096887 1069.6380376953844
0.0024658567309797227 1070.949710798957
0.002471911796118884 1072.262988418892
0.0024779817298484995 1073.5778724935265
0.0024840665686793116 1074.8943649633836
0.002490166349211736 1076.2124677711845
0.0024962811081360448 1077.5321828618373
0.0025024108822326234 1078.8535121824518
0.0025085557083721574 1080.1764576823296
0.002514715623515881 1081.5010213129722
0.0025208906647157855 1082.8272050280812
0.002527080869114846 1084.1550107835587
0.002533286273947245 1085.4844405375102
0.002539506916538595 1086.8154962502442
0.002545742834306165 1088.1481798842758
0.0025519940647591053 1089.4824934043274
0.0025582606454986646 1090.8184387773279
0.002564542614218439 1092.1560179724197
0.002570840008704565 1093.4952329609525
0.002577152866835984 1094.8360857164928
0.0025834812265846338 1096.1785782148183
0.0025898251260157118 1097.5227124339258
0.0025961846032878716 1098.8684903540257
0.002602559696653477 1100.2159139575494
0.00260895044445882 1101.564985229148
0.002615356885144355 1102.9157061556937
0.0026217790572449283 1104.2680787262811
0.002628216999390012 1105.6221049322307
0.0026346707503039357 1106.9777867670869
0.0026411403488061165 1108.3351262266217
0.002647625833811298 1109.694125308836
0.002654127244329782 1111.054786013961
0.0026606446194676536 1112.4171103444562
0.0026671779984270413 1113.781100305018
0.0026737274205063215 1115.1467579025725
0.0026802929251003786 1116.5140851462838
0.0026868745517008344 1117.8830840475518
0.002693472339896274 1119.2537566200124
0.0027000863293725136 1120.6261048795445
0.002706716559912799 1122.0001308442631
0.0027133630713980865 1123.3758365345298
0.0027200259038072465 1124.7532239729449
0.0027267050972173286 1126.1322951843558
0.0027334006918037913 1127.5130521958542
0.0027401127278407476 1128.8954970367802
0.0027468412457012053 1130.2796317387208
0.0027535862858573115 1131.665458335513
0.002760347888880594 1133.0529788632448
0.0027671260954422097 1134.4421953602566
0.0027739209463131763 1135.8331098671397
0.002780732482364644 1137.2257244267437
0.002787560744568106 1138.6200410841698
0.0027944057739956816 1140.01606188678
0.002801267611820327 1141.4137888841913
0.00280814629931612 1142.8132241282824
0.0028150418778584707 1144.2143696731898
0.002821954388924408 1145.6172275753152
0.002828883874092793 1147.02179989332
0.0028358303750445966 1148.428088688131
0.002842793933563137 1149.8360960229404
0.0028497745915343343 1151.2458239632062
0.0028567723909469623 1152.6572745766543
0.0028637873738928997 1154.0704499332787
0.0028708195825673864 1155.485352105344
0.0028778690592692756 1156.901983167385
0.0028849358464012797 1158.3203451962072
0.0028920199864702506 1159.7404402708923
0.0028991215220873973 1161.1622704727924
0.0029062404959685857 1162.5858378855387
0.0029133769509345512 1164.0111445950347
0.0029205309299111986 1165.4381926894646
0.0029277024759298224 1166.8669842592885
0.002934891632127394 1168.2975213972472
0.0029420984417468064 1169.7298061983615
0.00294932294813714 1171.1638407599341
0.002956565194753919 1172.5996271815495
0.0029638252251593783 1174.0371675650765
0.0029711030830227208 1175.476464014667
0.002978398812120385 1176.9175186367602
0.002985712456336294 1178.3603335400792
0.00299304405966215 1179.8049108356374
0.003000393666197658 1181.2512526367334
0.0030077613201508336 1182.6993610589584
0.0030151470658382274 1184.1492382201902
0.003022550947685232 1185.600886240601
0.003029973010226315 1187.0543072426528
0.0030374132981053 1188.5095033511
0.0030448718560756524 1189.9664766929934
0.003052348729000712 1191.4252293976756
0.0030598439618540036 1192.8857635967877
0.003067357599719467 1194.3480814242632
0.0030748896877917683 1195.812185016337
0.0030824402713765325 1197.278076511538
0.0030900093958906552 1198.7457580506987
0.003097597106862538 1200.2152317769458
0.0031052034499323908 1201.6864998357105
0.003112828470852494 1203.159564374723
0.003120472215487474 1204.6344275440167
0.0031281347298145815 1206.1110914959274
0.0031358160599239677 1207.589558385094
0.0031435162520189607 1209.06983036846
0.0031512353524163466 1210.551909605275
0.0031589734075466334 1212.03579825709
0.0031667304639543623 1213.5214984877684
0.003174506568298345 1215.009012463475
0.00318230176735199 1216.4983423526876
0.003190116108003537 1217.989490326187
0.0031979496372563855 1219.4824585570677
0.0032058024022293364 1220.9772492207305
0.003213674450156903 1222.4738644948882
0.0032215658283895857 1223.972306559564
0.003229476584394154 1225.4725775970926
0.003237406765753937 1226.974679792121
0.003245356420169107 1228.478615331608
0.0032533255954569668 1229.9843864048266
0.0032613143395522418 1231.4919952033633
0.0032693227005073508 1233.0014439211177
0.0032773507264927293 1234.5127347543064
0.003285398465797075 1236.0258699014585
0.003293465966827686 1237.5408515634215
0.003301553278110702 1239.0576819433566
0.003309660448291447 1240.5763632467447
0.003317787526134677 1242.0968976813813
0.003325934560524895 1243.6192874573785
0.0033341016004666602 1245.143534787171
0.003342288695084841 1246.6696418855065
0.003350495893624959 1248.1976109694563
0.0033587232454534376 1249.7274442584055
0.0033669708000579465 1251.259143974065
0.003375238607047655 1252.7927123404593
0.0033835267161535613 1254.3281515839371
0.0033918351772287796 1255.8654639331662
0.0034001640402488414 1257.404651619135
0.0034085133553119957 1258.9457168751535
0.0034168831726395137 1260.4886619368526
0.0034252735425759767 1262.0334890421836
0.003433684515589611 1263.580200431423
0.003442116142272547 1265.1287983471648
0.0034505684733411707 1266.679285034329
0.0034590415596363814 1268.2316627401547
0.0034675354521239467 1269.7859337142072
0.003476050201894761 1271.3421002083708
0.0034845858601651883 1272.9001644768543
0.0034931424782773546 1274.46012877619
0.0035017201076994607 1276.0219953652324
0.003510318800026089 1277.585766505159
0.003518938606978516 1279.151444459471
0.0035275795804050247 1280.719031493992
0.0035362417722812163 1282.2885298768706
0.0035449252347103085 1283.859941878575
0.003553630019923485 1285.4332697719024
0.0035623561802801606 1287.008515831966
0.003571103768268347 1288.5856823362099
0.0035798728365049183 1290.1647715643937
0.0035886634377359783 1291.7457857986076
0.003597475624837126 1293.3287273232572
0.003606309450813827 1294.9135984250781
0.003615164968801683 1296.5004013931232
0.0036240422320667764 1298.0891385187695
0.003632941294006005 1299.6798120957183
0.003641862208147362 1301.2724244199896
0.0036508050281503055 1302.8669777899295
0.003659769807806034 1304.4634745062015
0.0036687566010378593 1306.061916871795
0.0036777654619014805 1307.6623071920162
0.00368679644458535 1309.2646477744956
0.003695849603410977 1310.8689409291826
0.003704924992833263 1312.4751889683473
0.0037140226674408257 1314.0833942065801
0.0037231426819563282 1315.6935589607906
0.0037322850912368095 1317.3056855502075
0.0037414499502740166 1318.919776296379
0.003750637314194718 1320.5358335231695
0.0037598472382610734 1322.153859556765
0.0037690797778709164 1323.7738567256645
0.003778334988558138 1325.3958273606881
0.0037876129259929716 1327.0197737949686
0.0037969136459823777 1328.6456983639584
0.003806237204470331 1330.273603405421
0.003815583657538194 1331.903491259438
0.003824953061405037 1333.5353642684038
0.00383434547242798 1335.1692247770259
0.00384376094710253 1336.8050751323253
0.0038531995420629244 1338.4429176836352
0.003862661314082468 1340.0827547825995
0.0038721463200738796 1341.7245887831739
0.0038816546170896177 1343.368422041622
0.00389118626232226 1345.01425691652
0.003900741313104797 1346.6620957687492
0.003910319826911032 1348.3119409615013
0.003919921861355868 1349.9637948602715
0.003929547474195719 1351.6176598328652
0.003939196723328793 1353.2735382493886
0.003948869666795488 1354.9314324822546
0.0039585663627787196 1356.5913449061788
0.0039682868696042746 1358.2532778981788
0.003978031245741165 1359.9172338375733
0.003987799549801966 1361.5832151059806
0.003997591840543202 1363.2512240873211
0.00400740817686565 1364.9212631678088
0.004017248617814751 1366.5933347359596
0.004027113222580908 1368.2674411825813
0.004037002050499888 1369.9435849007784
0.0040469151610531525 1371.6217682859492
0.004056852613868228 1373.3019937357838
0.004066814468719056 1374.9842636502642
0.00407680078552636 1376.6685804316614
0.004086811624358002 1378.354946484536
0.004096847045429346 1380.0433642157363
0.0041069071091036045 1381.7338360343942
0.004116991875892244 1383.4263643519307
0.004127101406455287 1385.1209515820449
0.004137235761601744 1386.8176001407237
0.004147395002289915 1388.5163124462285
0.004157579189627813 1390.2170909191057
0.004167788384873486 1391.9199379821735
0.004178022649435414 1393.6248560605295
0.00418828204487287 1395.331847581546
0.0041985666328962865 1397.0409149748668
0.004208876475367632 1398.7520606724072
0.004219211634300778 1400.4652871083524
0.004229572171861879 1402.1805967191558
0.004239958150369743 1403.8979919435371
0.004250369632296192 1405.6174752224786
0.0042608066802664775 1407.3390489992296
0.004271269357059601 1409.0627157192946
0.004281757725608752 1410.788477830443
0.004292271849001625 1412.5163377826966
0.004302811790480864 1414.2462980283374
0.004313377613444375 1415.9783610218958
0.004323969381445775 1417.7125292201583
0.00433458715819471 1419.4488050821572
0.0043452310075572905 1421.187191069175
0.004355900993556444 1422.927689644738
0.004366597180372319 1424.670303274618
0.004377319632342645 1426.4150344268241
0.0043880684139631625 1428.1618855716097
0.0043988435898879566 1429.91085918146
0.004409645224929905 1431.6619577310998
0.004420473384061005 1433.415183697482
0.00443132813241283 1435.1705395597942
0.004442209535276863 1436.9280277994476
0.004453117658104915 1438.6876509000797
0.004464052566509542 1440.449411347555
0.004475014326264382 1442.213311629953
0.00448600300330462 1443.9793542375774
0.004497018663727313 1445.7475416629416
0.004508061373791857 1447.5178764007776
0.004519131199920324 1449.290360948024
0.004530228208697908 1451.0649978038298
0.004541352466873298 1452.8417894695492
0.004552504041359094 1454.6207384487382
0.004563682999232199 1456.4018472471535
0.004574889407734231 1458.1851183727483
0.004586123334271924 1459.9705543356717
0.004597384846417531 1461.7581576482635
0.004608674011909235 1463.5479308250522
0.004619990898651558 1465.339876382753
0.004631335574715748 1467.1339968402615
0.0046427081083402376 1468.9302947186575
0.004654108567930988 1470.7287725411934
0.004665537022061969 1472.5294328333
0.004676993539475505 1474.3322781225725
0.004688478189082756 1476.1373109387816
0.0046999910399640665 1477.9445338138555
0.004711532161369429 1479.7539492818873
0.004723101622718881 1481.5655598791268
0.004734699493602925 1483.379368143979
0.004746325843782946 1485.1953766170002
0.0047579807431916326 1487.0135878408937
0.004769664261933399 1488.8340043605083
0.004781376470284808 1490.6566287228336
0.004793117438694974 1492.4814634769943
0.004804887237786035 1494.308511174254
0.004816685938353509 1496.1377743680005
0.0048285136113667936 1497.9692556137536
0.0048403703279695206 1499.802957469152
0.004852256159480055 1501.6388824939572
0.004864171177391861 1503.4770332500427
0.00487611545337396 1505.317412301394
0.004888089059271389 1507.1600222141071
0.004900092067105568 1509.0048655563783
0.004912124549074804 1510.8519448985073
0.004924186577554661 1512.7012628128848
0.004936278225098455 1514.552821873999
0.0049483995644376355 1516.4066246584198
0.004960550668482263 1518.2626737448047
0.00497273161032143 1520.1209717138886
0.004984942463223703 1521.9815211484824
0.004997183300637567 1523.8443246334666
0.00500945419619186 1525.7093847557887
0.005021755223696221 1527.5767041044573
0.005034086457141538 1529.4462852705399
0.005046447970700383 1531.318130847156
0.005058839838727469 1533.1922434294738
0.005071262135760075 1535.0686256147035
0.005083714936518541 1536.9472800020992
0.005096198315906652 1538.8282091929427
0.005108712349012162 1540.7114157905528
0.005121257111107167 1542.5969024002666
0.005133832677648638 1544.484671629447
0.0051464391242788034 1546.374726087466
0.005159076526825653 1548.2670683857111
0.005171744961303373 1550.161701137572
0.0051844445039128054 1552.0586269584396
0.0051971752310419105 1553.957848465699
0.0052099372192662245 1555.859368278726
0.005222730545349316 1557.7631890188793
0.00523555528624326 1559.6693133094996
0.00524841151908907 1561.5777437758968
0.00526129932121722 1563.4884830453555
0.0052742187701480345 1565.401533747117
0.005287169943592231 1567.3168985123853
0.005300152919451314 1569.234579974312
0.005313167775818119 1571.1545807679993
0.005326214590977211 1573.0769035304863
0.0053392934434053916 1575.0015509007467
0.0053524044117721934 1576.928525519688
0.005365547574940291 1578.8578300301342
0.0053787230119660455 1580.7894670768335
0.005391930802099911 1582.7234393064375
0.005405171024786985 1584.6597493675115
0.00541844375966741 1586.5983999105129
0.005431749086576913 1588.539393587795
0.005445087085547254 1590.4827330535975
0.005458457836806718 1592.4284209640402
0.0054718614207805985 1594.3764599771173
0.005485297918091673 1596.3268527526898
0.005498767409560696 1598.2796019524799
0.005512269976206887 1600.2347102400654
0.005525805699248394 1602.1921802808697
0.005539374660102835 1604.1520147421606
0.005552976940387715 1606.1142162930364
0.005566612621920995 1608.0787876044278
0.00558028178672151 1610.0457313490817
0.00559398451700952 1612.0150502015613
0.005607720895207173 1613.9867468382356
0.0056214910039390125 1615.9608239372749
0.005635294926032471 1617.93728417864
0.005649132744518368 1619.9161302440777
0.005663004542631412 1621.8973648171136
0.005676910403810704 1623.8809905830444
0.005690850411700213 1625.867010228926
0.00570482465014934 1627.855426443576
0.005718833203213339 1629.846241917555
0.00573287615515391 1631.8394593431694
0.005746953590439622 1633.8350814144515
0.0057610655937465 1635.8331108271657
0.0057752122499584654 1637.8335502787882
0.005789393644167893 1639.836402468507
0.005803609861676106 1641.841670097211
0.005817860987993887 1643.8493558674816
0.005832147108841996 1645.8594624835853
0.00584646831015169 1647.871992651466
0.005860824678065231 1649.8869490787347
0.005875216298936409 1651.9043344746633
0.005889643259331069 1653.9241515501753
0.005904105646027605 1655.9464030178362
0.00591860354601752 1657.9710915918467
0.005933137046505921 1659.9982199880326
0.0059477062349120565 1662.0277909238368
0.005962311198869834 1664.0598071183101
0.005976952026228355 1666.0942712921021
0.00599162880505244 1668.1311861674528
0.006006341623623161 1670.1705544681836
0.00602109057043835 1672.212378919684
0.006035875734213188 1674.2566622489117
0.006050697203880659 1676.3034071843713
0.00606555506859217 1678.3526164561174
0.006080449417718003 1680.404292795732
0.006095380340847937 1682.4584389363274
0.006110347927791704 1684.5150576125259
0.006125352268579594 1686.5741515604575
0.006140393453462966 1688.635723517746
0.006155471572914797 1690.6997762235012
0.006170586717630225 1692.766312418307
0.006185738978527095 1694.8353348442129
0.00620092844674651 1696.9068462447224
0.006216155213653376 1698.9808493647843
0.006231419370836935 1701.0573469507783
0.006246721010111366 1703.1363417505127
0.00626206022351626 1705.2178365132024
0.006277437103317264 1707.3018339894707
0.006292851742006542 1709.3883369313257
0.006308304232303423 1711.4773480921624
0.006323794667154876 1713.5688702267391
0.00633932313973613 1715.6629060911766
0.006354889743451205 1717.7594584429416
0.006370494571933479 1719.8585300408363
0.006386137719046256 1721.9601236449873
0.006401819278883324 1724.0642420168354
0.006417539345769526 1726.170887919122
0.0064332980142613305 1728.2800641158785
0.006449095379147373 1730.391773372413
0.006464931535449089 1732.5060184553033
0.006480806578421196 1734.6228021323766
0.006496720603552366 1736.7421271727078
0.0065126737065657 1738.8639963465957
0.006528665983419401 1740.988412425563
0.006544697530307255 1743.1153781823311
0.006560768443659307 1745.2448963908212
0.006576878820142355 1747.3769698261292
0.006593028756660569 1749.5116012645196
0.006609218350356109 1751.648793483415
0.0066254476986096255 1753.788549261374
0.006641716899040941 1755.9308713780906
0.006658026049509543 1758.0757626143672
0.006674375248115265 1760.2232257521162
0.0066907645931987905 1762.3732635743318
0.006707194183342307 1764.525878865088
0.006723664117370074 1766.6810744095199
0.006740174494349014 1768.8388529938095
0.0067567254135893215 1770.9992174051754
0.006773316974645048 1773.1621704318543
0.006789949277314711 1775.3277148630907
0.0068066224216418916 1777.4958534891218
0.00682333650791581 1779.666589101159
0.0068400916366719985 1781.8399244913833
0.00685688790869281 1784.0158624529188
0.006873725425008122 1786.1944057798287
0.0068906042868958515 1788.3755572670912
0.006907524595882657 1790.5593197105943
0.006924486453744459 1792.74569590711
0.0069414899625071195 1794.9346886542894
0.006958535224447026 1797.12630075064
0.0069756223420917125 1799.3205349955142
0.006992751418220475 1801.5173941890935
0.007009922555864989 1803.7168811323702
0.007027135858309933 1805.9189986271347
0.0070443914290936075 1808.1237494759584
0.007061689372008556 1810.3311364821775
0.007079029791102198 1812.5411624498763
0.0070964127906774244 1814.753830183871
0.007113838475293284 1816.9691424896962
0.007131306949765552 1819.1871021735844
0.007148818319167393 1821.4077120424506
0.007166372688829983 1823.6309749038762
0.007183970164343149 1825.856893566091
0.007201610851555996 1828.0854708379575
0.0072192948565775504 1830.3167095289514
0.007237022285777397 1832.5506124491465
0.007254793245786322 1834.7871824091972
0.007272607843496924 1837.0264222203155
0.007290466186064331 1839.2683346942642
0.0073083683809067445 1841.5129226433246
0.007326314535706187 1843.7601888802933
0.007344304758409054 1846.01013621845
0.007362339157226857 1848.2627674715523
0.007380417840636792 1850.518085453805
0.007398540917382427 1852.7760929798478
0.007416708496474395 1855.0367928647395
0.007434920687190959 1857.3001879239298
0.0074531775990787745 1859.566280973251
0.0074714793419534435 1861.8350748288863
0.007489826025900278 1864.1065723073646
0.007508217761274861 1866.380776225526
0.007526654658703813 1868.6576894005163
0.007545136829085355 1870.9373146497544
0.0075636643835900585 1873.2196547909216
0.007582237433661469 1875.5047126419356
0.007600856091016791 1877.792491020933
0.007619520467647557 1880.0829927462487
0.0076382306758203036 1882.3762206363924
0.007656986828077241 1884.672177510031
0.007675789037236944 1886.970866185966
0.007694637416394993 1889.2722894831102
0.007713532078924727 1891.5764502204731
0.007732473138477828 1893.8833512171282
0.00775146070898511 1896.1929952922042
0.007770494904657098 1898.5053852648505
0.007789575839984821 1900.8205239542274
0.007808703629740402 1903.1384141794713
0.00782787838897782 1905.4590587596817
0.00784710023303357 1907.7824605138956
0.007866369277527362 1910.108622261063
0.007885685638362819 1912.437546820026
0.007905049431728171 1914.7692370094949
0.007924460774096958 1917.1036956480248
0.007943919782228732 1919.4409255539922
0.007963426573169728 1921.7809295455688
0.007982981264253645 1924.1237104407048
0.008002583973102247 1926.4692710570948
0.008022234817626182 1928.8176142121633
0.008041933916025576 1931.1687427230306
0.00806168138679086 1933.5226594064982
0.008081477348703386 1935.8793670790142
0.008101321920836178 1938.2388685566534
0.008121215222554694 1940.6011666550964
0.00814115737351745 1942.9662641895916
0.008161148493676836 1945.3341639749442
0.008181188703279748 1947.704868825477
0.008201278122868404 1950.0783815550162
0.00822141687328098 1952.454704976855
0.008241605075652395 1954.8338419037334
0.008261842851415024 1957.21579514781
0.008282130322299424 1959.6005675206343
0.008302467610335068 1961.9881618331206
0.008322854837851081 1964.3785808955192
0.008343292127476976 1966.7718275173909
0.008363779602143386 1969.1679045075773
0.008384317385082813 1971.566814674175
0.008404905599830368 1973.9685608245056
0.008425544370224485 1976.3731457650858
0.008446233820407737 1978.7805723016054
0.008466974074827481 1981.1908432388889
0.008487765258236723 1983.6039613808766
0.008508607495694742 1986.0199295305842
0.008529500912567975 1988.4387504900862
0.008550445634530649 1990.860427060473
0.008571441787565618 1993.2849620418303
0.008592489497965095 1995.7123582332054
0.008613588892331403 1998.1426184325774
0.008634740097577753 2000.5757454368243
0.008655943240928993 2003.0117420416966
0.008677198449922381 2005.4506110417815
0.008698505852408363 2007.8923552304768
0.008719865576551291 2010.3369773999498
0.008741277750830294 2012.7844803411185
0.008762742504039921 2015.2348668436073
0.008784259965291055 2017.6881396957253
0.008805830264011546 2020.1443016844216
0.00882745352994713 2022.6033555952665
0.008849129893162099 2025.0653042124052
0.008870859484040119 2027.530150318531
0.008892642433285068 2029.9978966948552
0.00891447887192172 2032.4685461210627
0.008936368931296646 2034.9421013752903
0.008958312743078883 2037.4185652340793
0.008980310439260853 2039.8979404723543
0.009002362152159037 2042.3802298633752
0.009024468014414882 2044.8654361787135
0.009046628158995491 2047.353562188207
0.009068842719194514 2049.8446106599317
0.009091111828632894 2052.3385843601604
0.009113435621259703 2054.835486053331
0.009135814231352901 2057.335318502003
0.00915824779352023 2059.838084466831
0.009180736442699906 2062.343786706516
0.00920328031416156 2064.852427977778
0.009225879543506923 2067.36401103531
0.009248534266670761 2069.8785386317472
0.009271244619921588 2072.396013517622
0.009294010739862564 2074.9164384413302
0.009316832763432276 2077.439816149091
0.009339710827905578 2079.9661493849053
0.009362645070894404 2082.4954408905196
0.009385635630348606 2085.0276934053845
0.009408682644556783 2087.5629096666157
0.009431786252147113 2090.1010924089514
0.009454946592088157 2092.64224436471
0.009478163803689774 2095.1863682637595
0.009501438026603845 2097.733466833459
0.00952476940082524 2100.283542798636
0.00954815806669253 2102.836598881526
0.00957160416488896 2105.392637801747
0.009595107836443163 2107.951662276241
0.009618669222730152 2110.5136750192473
0.00964228846547203 2113.078678742244
0.009665965706738939 2115.646676153914
0.00968970108894988 2118.2176699600977
0.009713494754873573 2120.7916628637504
0.009737346847629308 2123.368657564895
0.009761257510687823 2125.9486567605786
0.00978522688787215 2128.5316631448272
0.009809255123358502 2131.1176794086014
0.009833342361677084 2133.7067082397443
0.009857488747713071 2136.2987523229463
0.009881694426707341 2138.8938143396845
0.009905959544257489 2141.4918969681894
0.009930284246318564 2144.0930028833845
0.009954668679204089 2146.6971347568515
0.009979112989586812 2149.3042952567694
0.010003617324499649 2151.9144870478735
0.010028181831336608 2154.5277127914082
0.010052806657853604 2157.143975145072
0.01007749195216936 2159.763276762969
0.01010223786276634 2162.385620295561
0.010127044538491605 2165.011008389618
0.01015191212855772 2167.6394436881633
0.010176840782543658 2170.2709288304254
0.010201830650395679 2172.905466451785
0.010226881882428254 2175.543059183724
0.010251994629324962 2178.1837096537724
0.01027716904213939 2180.827420485456
0.01030240527229605 2183.4741942982423
0.010327703471591282 2186.1240337074873
0.010353063792194177 2188.7769413243827
0.010378486386647484 2191.4329197559
0.010403971407868529 2194.0919716047347
0.010429519009150148 2196.754099469256
0.010455129344161564 2199.419305943441
0.010480802566949382 2202.087593616832
0.010506538831938458 2204.758965074468
0.010532338293932856 2207.4334228968373
0.010558201108116767 2210.110969659811
0.010584127430055445 2212.7916079345923
0.010610117415696148 2215.4753402876545
0.010636171221369072 2218.1621692806843
0.01066228900378829 2220.8520974705198
0.010688470920052692 2223.5451274090947
0.010714717127646944 2226.241261643375
0.010741027784442417 2228.940502715299
0.01076740304869815 2231.642853161718
0.010793843079061803 2234.3483155143335
0.010820348034570578 2237.0568922996335
0.010846918074652231 2239.768586038834
0.010873553359125996 2242.483399247813
0.010900254048203549 2245.201334437049
0.010927020302489978 2247.9223941115542
0.010953852282984747 2250.646580770813
0.010980750151082663 2253.3738969087176
0.011007714068574858 2256.1043450135
0.011034744197649724 2258.837927567665
0.011061840700893945 2261.5746470479294
0.01108900374129344 2264.31450592515
0.011116233482234344 2267.0575066642596
0.011143530087504001 2269.8036517241953
0.011170893721291946 2272.5529435578337
0.01119832454819089 2275.3053846119205
0.011225822733197709 2278.060977327
0.011253388441714444 2280.819724137345
0.01128102183954929 2283.58162747089
0.01130872309291759 2286.3466897491544
0.011336492368442846 2289.1149133871763
0.011364329833157709 2291.8863007934347
0.011392235654504989 2294.660854369781
0.011420210000338679 2297.438576511367
0.011448253038924909 2300.2194696065617
0.011476364938943032 2303.0035360368897
0.011504545869486595 2305.790778176947
0.01153279600006436 2308.581198394328
0.011561115500601333 2311.374799049551
0.011589504541439777 2314.171582495978
0.011617963293340245 2316.9715510797405
0.011646491927482603 2319.77470713966
0.011675090615467055 2322.5810530071694
0.011703759529315187 2325.390591006234
0.011732498841471 2328.203323453272
0.011761308724801911 2331.0192526570713
0.011790189352599859 2333.838380918715
0.0118191408985823 2336.660710531492
0.011848163536893259 2339.48624378082
0.01187725744210439 2342.314982944161
0.011906422789216014 2345.146930290936
0.011935659753658179 2347.9820880824436
0.01196496851129172 2350.820458571774
0.01199434923840928 2353.6620440037213
0.012023802111736431 2356.506846614701
0.012053327308432693 2359.35486863266
0.012082925006092616 2362.2061122769906
0.01211259538274684 2365.060579758444
0.012142338616863172 2367.918273279036
0.012172154887347662 2370.779195031963
0.012202044373545669 2373.6433472015083
0.012232007255242948 2376.5107319629524
0.01226204371266673 2379.3813514824815
0.012292153926486806 2382.2552079170946
0.012322338077816608 2385.1323034145094
0.01235259634821431 2388.0126401130697
0.012382928919683919 2390.8962201416516
0.012413335974676335 2393.7830456195647
0.012443817696090511 2396.67311865646
0.012474374267274503 2399.5664413522304
0.012505005872026593 2402.4630157969145
0.012535712694596395 2405.3628440705975
0.012566494919685955 2408.265928243313
0.012597352732450866 2411.172270374939
0.012628286318501386 2414.0818725151066
0.012659295863903545 2416.9947367030863
0.012690381555180274 2419.9108649676946
0.012721543579312523 2422.8302593271887
0.012752782123740383 2425.7529217891606
0.012784097376364217 2428.6788543504354
0.012815489525545789 2431.6080589969615
0.012846958760109408 2434.5405377037123
0.012878505269343019 2437.476292434566
0.012910129242999408 2440.415325142211
0.012941830871297305 2443.3576377680292
0.012973610344922526 2446.3032322419886
0.013005467855029134 2449.2521104825323
0.013037403593240581 2452.204274396467
0.013069417751650861 2455.15972587885
0.013101510522825679 2458.118466812879
0.013133682099803564 2461.080499069772
0.013165932676097095 2464.0458245086575
0.013198262445694024 2467.014444976458
0.013230671603058453 2469.9863623077713
0.013263160343131998 2472.9615783247523
0.013295728861334972 2475.9400948369966
0.013328377353567549 2478.921913641419
0.013361106016210956 2481.907036522134
0.013393915046128637 2484.8954652503335
0.013426804640667454 2487.887201584164
0.01345977499765886 2490.882247268604
0.013492826315420104 2493.8806040353384
0.01352595879275541 2496.8822736026355
0.013559172628957184 2499.8872576752165
0.013592468023807185 2502.895557944131
0.013625845177577775 2505.907176086627
0.013659304291033087 2508.9221137660234
0.013692845565430243 2511.9403726315777
0.013726469202520564 2514.9619543183544
0.013760175404550786 2517.9868604470917
0.013793964374264275 2521.015092624071
0.013827836314902241 2524.0466524409785
0.013861791430204969 2527.08154147477
0.013895829924413043 2530.119761287536
0.01392995200226857 2533.161313426363
0.01396415786901641 2536.206199423191
0.013998447730405424 2539.2544207946776
0.014032821792689694 2542.3059790420552
0.01406728026262979 2545.360875650988
0.01410182334749395 2548.4191120914256
0.01413645125505942 2551.4806898174647
0.014171164193613634 2554.545610267198
0.014205962371955497 2557.6138748625676
0.014240845999396628 2560.6854850092186
0.014275815285762623 2563.7604420963467
0.01431087044139432 2566.838747496551
0.014346011677149061 2569.9204025656786
0.014381239204401965 2573.005408642673
0.014416553235047189 2576.0937670494195
0.014451953981499214 2579.185479090589
0.014487441656694116 2582.280546053483
0.014523016474090853 2585.3789692078703
0.014558678647672539 2588.4807498058344
0.014594428391947753 2591.5858890816075
0.014630265921951775 2594.6943882514097
0.014666191453247955 2597.806248513284
0.014702205201928957 2600.9214710469378
0.01473830738461808 2604.0400570135685
0.01477449821847055 2607.1620075557007
0.014810777921174832 2610.287323797016
0.01484714671095394 2613.4160068421834
0.014883604806566749 2616.5480577766866
0.014920152427309308 2619.6834776666524
0.014956789793016161 2622.822267558674
0.014993517124061684 2625.964428479639
0.015030334641361357 2629.1099614365453
0.01506724256637317 2632.2588674163303
0.015104241121098903 2635.411147385685
0.015141330528085476 2638.566802290875
0.01517851101042629 2641.7258330575546
0.015215782791762559 2644.8882405905847
0.01525314609628467 2648.0540257738458
0.015290601148733514 2651.223189470048
0.015328148174401859 2654.3957325205456
0.015365787399135682 2657.5716557451415
0.015403519049335547 2660.7509599419
0.015441343351957954 2663.9336458869457
0.01547926053451671 2667.1197143342747
0.015517270825084301 2670.309166015553
0.015555374452293264 2673.50200163992
0.015593571645337524 2676.698221893782
0.015631862633973842 2679.8978274406204
0.015670247648523154 2683.100818920777
0.015708726919871952 2686.3071969512544
0.0157473006794737 2689.516962125507
0.015785969159350197 2692.7301150132307
0.015824732592092987 2695.9466561601535
0.01586359121086477 2699.166586087822
0.015902545249400775 2702.3899052933866
0.015941594942010192 2705.6166142493857
0.01598074052357757 2708.846713403528
0.01601998222956423 2712.080203178471
0.016059320296009687 2715.3170839715995
0.01609875495953306 2718.557356154805
0.016138286457334523 2721.8010200742556
0.01617791502719666 2725.048076050169
0.016217640907485984 2728.2985243765866
0.016257464337154335 2731.5523653211408
0.01629738555574029 2734.809599124818
0.016337404803370655 2738.0702260017283
0.01637752232076186 2741.3342461388665
0.01641773834922145 2744.6016596958716
0.01645805313064948 2747.8724668047835
0.01649846690754004 2751.1466675698052
0.016538979922982668 2754.4242620670548
0.016579592420663827 2757.7052503443156
0.016620304644868363 2760.9896324207884
0.016661116840480977 2764.277408286839
0.0167020292529877 2767.5685779037462
0.01674304212847738 2770.863141203444
0.01678415571364314 2774.161098088259
0.016825370255783872 2777.46244843066
0.016866686002805737 2780.767192072985
0.016908103203223637 2784.0753288271803
0.016949622106162715 2787.3868584745346
0.016991242961359863 2790.701780765406
0.017032966019165235 2794.020095418955
0.01707479153054368 2797.3418021228586
0.01711671974707636 2800.66690053305
0.017158750920962192 2803.9953902734264
0.017200885305019384 2807.3272709355724
0.017243123152686956 2810.6625420784767
0.01728546471802626 2814.001203228242
0.017327910255722518 2817.3432538778
0.017370460021086335 2820.6886934866166
0.017413114270055263 2824.0375214803994
0.017455873259195318 2827.3897372508018
0.01749873724570252 2830.7453401551206
0.017541706487404468 2834.104329515997
0.01758478124276186 2837.466704621112
0.01762796177087006 2840.832464722876
0.017671248331460682 2844.2016090381244
0.017714641184903072 2847.574136747796
0.017758140592205977 2850.9500469966283
0.01780174681501906 2854.329338892832
0.017845460115634464 2857.712011507771
0.017889280756988427 2861.098063875641
0.017933209002662827 2864.48749499314
0.017977245116886812 2867.880303819142
0.0180213893645383 2871.2764892743567
0.018065642011145695 2874.6760502410034
0.0181100033228894 2878.0789855624694
0.018154473566603435 2881.4852940429637
0.01819905300977706 2884.894974447178
0.018243741920556365 2888.3080254999363
0.018288540567745884 2891.724445885845
0.018333449220810222 2895.144234248937
0.01837846814987568 2898.567389192318
0.01842359762573186 2901.9939092778027
0.018468837919833305 2905.4237930255526
0.018514189304301133 2908.8570389137085
0.01855965205192468 2912.293645378022
0.01860522643616313 2915.733610811479
0.018650912731147152 2919.176933563925
0.018696711211680563 2922.6236119416826
0.01874262215324199 2926.0736442071698
0.018788645831986507 2929.527028578512
0.018834782524747302 2932.98376322915
0.018881032509037353 2936.4438462874464
0.01892739606305108 2939.9072758362877
0.01897387346566604 2943.374049912683
0.019020464996444556 2946.8441665073533
0.019067170935635473 2950.3176235643323
0.019113991564175793 2953.7944189805457
0.019160927163692373 2957.2745506053966
0.01920797801650361 2960.758016240346
0.019255144405621177 2964.244813638486
0.01930242661475168 2967.734940504114
0.01934982492829839 2971.2283944922997
0.019397339631362958 2974.7251732084474
0.019444971009747104 2978.2252742078576
0.01949271934995436 2981.7286949952804
0.01954058493919179 2985.235433024469
0.019588568065371695 2988.7454856977247
0.019636669017113383 2992.2588503654424
0.019684888083744873 2995.7755243256465
0.019733225555304653 2999.2955048235276
0.019781681722543413 3002.8187890509703
0.019830256876925807 3006.345374146082
0.019878951310632203 3009.8752571927107
0.019927765316560403 3013.4084352199616
0.01997669918832748 3016.944905201714
0.02002575322027148 3020.484664056121
0.020074927707453213 3024.027708645118
0.020124222945658046 3027.5740357739187
0.020173639231397648 3031.1236421905105
0.020223176861911805 3034.676524585139
0.020272836135170173 3038.232679589793
0.02032261734987411 3041.7921037776855
0.020372520805458448 3045.354793662724
0.020422546802093298 3048.920745698982
0.020472695640685865 3052.4899562801597
0.020522967622882242 3056.0624217390446
0.020573363051069233 3059.638138346963
0.020623882228376196 3063.21710231323
0.020674525458676783 3066.7993097845874
0.020725293046590883 3070.3847568446454
0.02077618529748638 3073.9734395133137
0.020827202517481002 3077.5653537462254
0.02087834501344418 3081.1604954341606
0.020929613092998872 3084.7588604024563
0.020981007064523435 3088.360444410422
0.021032527237153445 3091.9652431507375
0.0210841739207836 3095.5732522488534
0.02113594742606956 3099.184467262383
0.02118784806442982 3102.798883680487
0.02123987614804758 3106.4164969232525
0.021292031989872624 3110.037302341069
0.021344315903623217 3113.6612952139935
0.021396728203787945 3117.2884707511093
0.021449269205627675 3120.9188240898884
0.021501939225177406 3124.552350295533
0.021554738579248174 3128.1890443603183
0.021607667585428977 3131.8289012029322
0.021660726562088655 3135.471915667798
0.021713915828377842 3139.118082524401
0.02176723570423086 3142.7673964666
0.021820686510367632 3146.4198521119392
0.02187426856829565 3150.0754440009473
0.02192798220031188 3153.7341665964323
0.021981827729504713 3157.3960142827696
0.0220358054797559 3161.0609813651804
0.0220899157757425 3164.729062069006
0.022144158942938853 3168.4002505389717
0.022198535307618488 3172.0745408384455
0.022253045196856155 3175.75192694869
0.022307688938529736 3179.432402768101
0.022362466861322247 3183.1159621114457
0.022417379294723802 3186.8025987090905
0.022472426569033595 3190.4923062062167
0.022527609015361896 3194.185078162035
0.02258292696563205 3197.880908048988
0.022638380752582416 3201.5797892519413
0.02269397070976846 3205.2817150673745
0.0227496971715647 3208.98667870256
0.022805560473166713 3212.6946732747265
0.022861560950593194 3216.4056918102274
0.02291769894068794 3220.119727243686
0.022973974781121904 3223.836772417145
0.023030388810395184 3227.556820079196
0.023086941367839103 3231.2798628841088
0.02314363279361824 3235.0058933909436
0.023200463428732457 3238.7349040626623
0.023257433615018967 3242.466887265223
0.02331454369515439 3246.2018352666664
0.023371794012656807 3249.9397402362
0.02342918491188781 3253.6805942432584
0.023486716738054626 3257.4243892565696
0.023544389837212135 3261.171117143199
0.02360220455626499 3264.92076966759
0.023660161242969685 3268.67333849059
0.02371826024593665 3272.428815168472
0.02377650191463236 3276.1871911519374
0.0238348865993814 3279.948457785113
0.023893414651368627 3283.7126063045416
0.023952086422641246 3287.4796278381523
0.024010902266110933 3291.2495134042247
0.024069862535555958 3295.0222539103424
0.024128967585623322 3298.7978401523346
0.024188217771830885 3302.5762628132047
0.024247613450569496 3306.357512462047
0.02430715497910515 3310.1415795529556
0.024366842715581125 3313.928454423918
0.02442667701902015 3317.718127295693
0.02448665824932656 3321.510588270688
0.02454678676728843 3325.305827331806
0.024607062934579805 3329.1038343413015
0.02466748711376283 3332.9045990396035
0.02472805966828994 3336.7081110441377
0.024788780962506064 3340.514359848133
0.024849651361650786 3344.3233348194144
0.02491067123186057 3348.1350251991767
0.024971840940170957 3351.9494201007556
0.025033160854518736 3355.7665085083763
0.02509463134374422 3359.586279275893
0.02515625277759342 3363.408721125509
0.025218025526720284 3367.2338226464867
0.02527994996268892 3371.0615722938423
0.02534202645797584 3374.891958387027
0.025404255385972213 3378.7249691085854
0.02546663712098603 3382.560592502809
0.025529172038244483 3386.3988164743696
0.025591860513896135 3390.239628786937
0.02565470292501321 3394.083017061781
0.02571769964959385 3397.9289687763553
0.025780851066564404 3401.777471262872
0.025844157555781695 3405.62851170685
0.02590761949803529 3409.482077145654
0.025971237275049828 3413.338154467013
0.0260350112694873 3417.1967304075247
0.02609894186494934 3421.05779155114
0.026163029445979535 3424.921324327625
0.026227274398065752 3428.7873150110163
0.02629167710764244 3432.655749718052
0.02635623796209298 3436.5266144065795
0.026420957349751955 3440.399894873952
0.026485835659907572 3444.275576755403
0.02655087328280394 3448.1536455224064
0.026616070609643435 3452.034086481002
0.026681428032589067 3455.9168847701217
0.026746945944766815 3459.8020253598806
0.026812624740268017 3463.6894930498556
0.0268784648141517 3467.579272467336
0.026944466562447002 3471.4713480655614
0.027010630382155544 3475.3657041219344
0.027076956671253795 3479.262324736211
0.027143445828695482 3483.161193828666
0.027210098254413992 3487.0622951382484
0.027276914349324773 3490.9656122206975
0.02734389451532775 3494.8711284466503
0.02741103915530971 3498.7788269997145
0.027478348673146795 3502.68869087453
0.027545823473706862 3506.600702874794
0.02761346396285196 3510.514845611269
0.027681270547440753 3514.4311014997675
0.027749243635330968 3518.349452759104
0.027817383635381887 3522.2698814090345
0.027885690957456688 3526.1923692681494
0.02795416601242507 3530.1168979517674
0.028022809212165625 3534.043448869779
0.028091620969568337 3537.9720032244772
0.028160601698537065 3541.902542008355
0.028229751813992045 3545.8350460018755
0.028299071731872377 3549.7694957712156
0.028368561869138494 3553.705871665981
0.02843822264377473 3557.6441538168892
0.028508054474791808 3561.5843221334285
0.028578057782229344 3565.526356301481
0.0286482329871584 3569.470235780917
0.028718580511683987 3573.4159398031643
0.02878910077894765 3577.3634473687357
0.028859794213129945 3581.3127372447307
0.028930661239453054 3585.2637879623085
0.029001702284183327 3589.216577814121
0.029072917774633816 3593.171084851714
0.029144308139166884 3597.1272868828974
0.029215873807196754 3601.08516146908
0.029287615209192108 3605.044685922566
0.02935953277667868 3609.0058373038214
0.029431626942241808 3612.9685924186983
0.0295038981395291 3616.9329278156292
0.029576346803253016 3620.898819782778
0.029648973369193463 3624.8662443451535
0.02972177827420044 3628.835177261692
0.029794761956196663 3632.8055940222894
0.0298679248541802 3636.7774698448025
0.029941267408227064 3640.7507796720042
0.030014790059493954 3644.725498168504
0.030088493250220835 3648.7015997176186
0.03016237742373362 3652.6790584182054
0.03023644302444684 3656.6578480814524
0.03031069049786631 3660.637942227624
0.030385120290591816 3664.61931408276
0.030459732850319807 3668.6019365753323
0.03053452862584604 3672.585782332853
0.030609508067068362 3676.5708236784385
0.030684671624989352 3680.557032627323
0.030760019751719058 3684.544380883327
0.030835552900477712 3688.53283983527
0.030911271525598458 3692.5223805533424
0.03098717608253011 3696.5129737854213
0.031063267027839778 3700.504589953326
0.03113954481921579 3704.497199149044
0.031216009915470327 3708.490771130879
0.031292662776542225 3712.4852753195555
0.03136950386349968 3716.48068079427
0.03144653363854313 3720.47695628868
0.03152375256500794 3724.4740701868404
0.031601161107367236 3728.4719905190755
0.03167875973123469 3732.4706849577983
0.0317565489033673 3736.470120813266
0.031834529091668236 3740.470265029274
0.031912700765189636 3744.4710841787883
0.031991064394135384 3748.472544459511
0.032069620449864014 3752.4746116893853
0.03214836940489152 3756.477251302035
0.03222731173289416 3760.4804283421295
0.032306447908711344 3764.484107460689
0.03238577840834849 3768.4882529103147
0.03246530370897989 3772.4928285403535
0.0325450242889515 3776.4977977919766
0.032624940627783955 3780.503123693208
0.03270505320617536 3784.508768853859
0.032785362506004195 3788.5146954603906
0.03286586901033224 3792.520865270704
0.032946573203407443 3796.527239608847
0.03302747557066689 3800.5337793596423
0.03310857659873963 3804.5404449632306
0.03318987677544969 3808.547196409534
0.033271376589819004 3812.5539932326355
0.0333530765320703 3816.5607945050665
0.033434977093630074 3820.567558832007
0.03351707876713158 3824.5742443454033
0.03359938204641773 3828.580808697984
0.033681887426544155 3832.5872090571925
0.033764595403782016 3836.593402099008
0.03384750647562121 3840.599344001696
0.03393062114077319 3844.604990439434
0.03401393989917407 3848.610296575851
0.03409746325198754 3852.6152170574605
0.03418119170160797 3856.6197060069894
0.03426512575166338 3860.623717016597
0.03434926590701844 3864.627203140994
0.0344336126737776 3868.6301168904383
0.03451816655928806 3872.63241022363
0.034602928072142845 3876.634034540483
0.03468789772218386 3880.6349406747804
0.03477307602050495 3884.635078886714
0.03485846347945501 3888.634398855297
0.03494406061264102 3892.632849670656
0.03502986793493114 3896.6303798261897
0.035115885962457835 3900.6269372106044
0.03520211521262098 3904.622469099819
0.035288556204090944 3908.6169221487207
0.035375209456811725 3912.6102423828033
0.035462075492004065 3916.602375189646
0.03554915483216863 3920.5932653102645
0.03563644800108906 3924.5828568302995
0.035723955523835234 3928.571093171077
0.03581167792676635 3932.557917080491
0.03589961573753412 3936.5432706237516
0.03598776948508593 3940.5270951739644
0.03607613969966804 3944.509331402546
0.03616472691282876 3948.48991926948
0.03625353165742162 3952.4687980133995
0.03634255446760865 3956.445906141497
0.036431795878863533 3960.4211814192613
0.03652125642797483 3964.3945608600325
0.036610936653049236 3968.3659807143677
0.03670083709351478 3972.3353764592266
0.03679095829012413 3976.302682786964
0.036881300784957737 3980.267833594117
0.03697186512142723 3984.2307619700055
0.037062651844278593 3988.1914001851187
0.03715366149959547 3992.1496796792912
0.03724489463480243 3996.1055310496727
0.03733635179866832 4000.0588840384735
0.03742803354130949 4004.009667520486
0.03751994041419317 4007.9578094903823
0.03761207297014066 4011.903237049769
0.037704431763330847 4015.8458763940184
0.037797017349303394 4019.7856527988392
0.03788983028496216 4023.72249060661
0.03798287112857846 4027.656313212446
0.03807614043979454 4031.5870430500154
0.038169638779626855 4035.514601577083
0.03826336671046944 4039.4389092607776
0.038357324796097374 4043.3598855625874
0.03845151360167009 4047.2774489230615
0.038545933693734824 4051.191516746226
0.03864058564023 4055.102005383692
0.03873547001048863 4059.008830118465
0.038830587375241796 4062.911905148435
0.03892593830662202 4066.811143569546
0.039021523378166716 4070.706457358638
0.03911734316482169 4074.5977573559558
0.039213398242944536 4078.4849532473004
0.03930968919030816 4082.367953545844
0.039406216586104194 4086.246665573569
0.03950298101094653 4090.120995442343
0.03959998304687481 4093.9908480346176
0.03969722327735784 4097.856126983726
0.03979470228729725 4101.716734653801
0.03989242066303089 4105.572572119262
0.03999037899233644 4109.423539143909
0.040088577864434836 4113.26953415956
0.040187017869993936 4117.1104542442745
0.04028569960113201 4120.946195100113
0.04038462365142131 4124.776651030433
0.04048379061589163 4128.6017149167155
0.04058320109103391 4132.421278194913
0.040682855674803814 4136.235230831279
0.04078275496662532 4140.043461297712
0.040882899567394305 4143.845856546556
0.04098329007948221 4147.642301984866
0.04108392710673965 4151.432681448136
0.04118481125449998 4155.2168771734405
0.04128594312958304 4158.994769772014
0.04138732334029874 4162.766238201215
0.04148895249645073 4166.531159735895
0.04159083120934005 4170.28940993913
0.04169296009176886 4174.040862632304
0.04179533975804408 4177.785389864541
0.041897970823981105 4181.522861881442
0.0420008539069075 4185.2531470931335
0.04210398962566671 4188.976112041595
0.042207378600621806 4192.691621367242
0.04231102145365917 4196.399537774764
0.04241491880819228 4200.0997219981655
0.042519071289165454 4203.792032765026
0.042623479523057596 4207.476326759917
0.04272814413788596 4211.152458586989
0.04283306576320995 4214.820280731672
0.04293824503013487 4218.479643521495
0.04304368257131577 4222.130395085978
0.043149379020961186 4225.7723813155735
0.043255335014837026 4229.405445819643
0.04336155119027035 4233.029429883419
0.04346802818615322 4236.644172423945
0.04357476664294652 4240.249509944945
0.04368176720268386 4243.8452764906115
0.04378903050897538 4247.4313035982495
0.04389655720701161 4251.007420249777
0.04400434794356745 4254.573452822029
0.04411240336700597 4258.129225035822
0.044220724127282326 4261.674557903764
0.044329310875947686 4265.2092696767495
0.04443816426615315 4268.733175789114
0.044547284952653664 4272.246088802403
0.04465667359181198 4275.74781834771
0.04476633084160255 4279.238171066534
0.04487625736161556 4282.716950550133
0.04498645381306085 4286.183957277295
0.04509692085877191 4289.638988550502
0.04520765916320985 4293.08183843042
0.04531866939246741 4296.512297668672
0.045429952214273 4299.93015363883
0.04554150829799455 4303.33519026558
0.04565333831464379 4306.727187951988
0.045765442936880146 4310.105923504813
0.045877822839014766 4313.471170057805
0.04599047869701462 4316.822696992907
0.046103411188506575 4320.160269859318
0.046216620992781454 4323.483650290311
0.04633010879079807 4326.792595917764
0.04644387526518742 4330.0868602843075
0.046557921100256756 4333.366192753012
0.04667224698199365 4336.630338414525
0.04678685359807017 4339.879037991587
0.04690174163784703 4343.112027740823
0.04701691179237771 4346.329039351706
0.04713236475441255 4349.52979984262
0.04724810121840306 4352.714031453897
0.04736412188050599 4355.881451537726
0.04748042743858754 4359.031772444827
0.047597018592227584 4362.164701407777
0.04771389604272383 4365.279940420857
0.04783106049309609 4368.377186116297
0.047948512648090504 4371.456129636795
0.04806625321418367 4374.516456504157
0.04818428289958708 4377.557846483938
0.04830260241425125 4380.5799734459115
0.048421212469870016 4383.582505220218
0.04854011377988484 4386.565103449039
0.048659307059489065 4389.5274234336175
0.04877879302563227 4392.469113976448
0.04889857239702447 4395.389817218444
0.04901864589414061 4398.28916847091
0.049139014239224746 4401.166796042082
0.04925967815629449 4404.022321058055
0.04938063837114529 4406.855357277853
0.04950189561135485 4409.665510902415
0.049623450606287485 4412.4523803772645
0.04974530408709852 4415.215556188583
0.04986745678673862 4417.954620652439
0.049989909439958354 4420.669147696886
0.0501126627833124 4423.358702636635
0.050235717555164185 4426.022841939985
0.05035907449569021 4428.661112987706
0.0504827343468845 4431.273053823509
0.05060669785256313 4433.8581928957765
0.05073096575836863 4436.416048790138
0.05085553881177452 4438.946129952551
0.05098041776208978 4441.447934402412
0.05110560336046339 4443.920949435316
0.051231096359888754 4446.364651314971
0.05135689751520837 4448.778504953797
0.05148300758311827 4451.161963581712
0.051609427322172614 4453.514468402561
0.05173615749278821 4455.835448237612
0.05186319885724916 4458.12431915556
0.05199055217971136 4460.380484088387
0.052118218226207186 4462.603332432419
0.052246197764649976 4464.792239633904
0.0523744915648388 4466.9465667583545
0.052503100398463 4469.065660042901
0.05263202503910684 4471.1488504308045
0.052761266262254164 4473.195453087307
0.05289082484529308 4475.204766895862
0.053020701567520645 4477.176073933797
0.05315089721014743 4479.108638926385
0.05328141255630243 4481.001708678227
0.053412248391037594 4482.854511480806
0.05354340550133266 4484.666256494979
0.0536748846760998 4486.436133107131
0.053806686706188454 4488.163310257599
0.05393881238439002 4489.846935739927
0.05407126250544261 4491.486135469393
0.05420403786603593 4493.080012719157
0.05433713926481595 4494.627647322303
0.054470567502389815 4496.1280948378835
0.05460432338133058 4497.580385679007
0.05473840770618207 4498.983524200852
0.05487282128346373 4500.336487746349
0.05500756492167547 4501.638225647146
0.05514263943130247 4502.887658177274
0.055278045624820166 4504.08367545681
0.05541378431669906 4505.225136302582
0.055549856323409634 4506.310867022817
0.05568626246342726 4507.339660152379
0.05582300355723714 4508.310273125015
0.05596008042733927 4509.2214268787875
0.05609749389825319 4510.071804390572
0.05623524479652326 4510.860049135219
0.05637333395072343 4511.584763464635
0.05651176219146223 4512.244506901709
0.05665053035138784 4512.837794343596
0.05678963926519304 4513.363094168495
0.05692908976962027 4513.818826239557
0.05706888270346659 4514.203359799105
0.05720901890758884 4514.515011245785
0.057349499224908604 4514.752041786697
0.05749032450041732 4514.9126549558905
0.05763149558118136 4514.994993989931
0.05777301331634711 4514.997139050469
0.0579148785571461 4514.917104282877
0.058057092156900136 4514.7528346991385
0.058199654971026325 4514.502202872122
0.05834256785704237 4514.16300542727
0.05848583167457167 4513.732959316515
0.05862944728534846 4513.20969785786
0.05877341555322301 4512.590766522588
0.058917737344166846 4511.873618450393
0.05906241352627796 4511.055609670924
0.05920744496978593 4510.133994008192
0.059352832547057324 4509.105917642044
0.05949857713260084 4507.968413298443
0.059644679603072556 4506.718394037482
0.05979114083728127 4505.352646605004
0.05993796171619373 4503.867824310241
0.06008514312293996 4502.260439388027
0.06023268594281859 4500.526854799853
0.06038059106330207 4498.663275423175
0.060528859374042183 4496.665738572981
0.06067749176687528 4494.530103793511
0.06082648913582766 4492.252041851146
0.06097585237712098 4489.827022851725
0.0611255823891776 4487.25030339675
0.06127568007262609 4484.51691268301
0.061426146330306394 4481.621637438813
0.061576982067275604 4478.559005577179
0.061728188190813174 4475.323268431644
0.06187976561042645 4471.908381423567
0.062031715237856125 4468.307982990598
0.06218403798708172 4464.515371583851
0.062336734774327135 4460.52348051597
0.062489806518066016 4456.324850412834
0.06264325413902747 4451.911598987744
0.06279707856020149 4447.275387817417
0.0629512807068445 4442.4073857532785
0.06310586150648499 4437.298228547841
0.06326082188892902 4431.937974213228
0.0634161627862659 4426.316053555043
0.06357188513287364 4420.421215237833
0.06372798986542477 4414.241464635334
0.06388447792289184 4407.763995596485
0.06404135024655311 4400.975114112307
0.06419860777999821 4393.8601526942075
0.06435625146913382 4386.403374064441
0.06451428226218933 4378.587862505986
0.06467270110972263 4370.395400911712
0.06483150896462564 4361.806331197887
0.06499070678213027 4352.799395287714
0.06515029551981405 4343.3515533048285
0.0653102761376059 4333.437774915235
0.06547064959779182 4323.030798882112
0.06563141686502089 4312.100854800891
0.06579257890631085 4300.615339596518
0.06595413669105409 4288.538439601735
0.06611609119102335 4275.830686774912
0.06627844338037762 4262.448434694084
0.06644119423566804 4248.343236153766
0.0666043447358437 4233.4610991762875
0.06676789586225752 4217.741591582234
0.06693184859867228 4201.116755304268
0.06709620393126639 4183.509779445905
0.06726096284863992 4164.833364311488
0.06742612634182046 4144.987685216483
0.0675916954042692 4123.857831705438
0.06775767103188683 4101.310550010914
0.06792405422301939 4077.190046494654
0.06809084597846458 4051.312504952027
0.06825804730147761 4023.458810277138
0.06842565919777718 3993.364719531383
0.06859368267555163 3960.7073160768427
0.06876211874546498 3925.085907887347
0.068930968420663 3885.9943672529184
0.06910023271677923 3842.779814675656
0.06926991265194125 3794.5785904036434
0.06944000924677668 3740.2125191908717
0.06961052352441938 3678.011382149794
0.06978145651051552 3605.4872868968473
0.06995280923322987 3518.6805021511364
0.07012458272325191 3410.669679021823
0.07029677801380203 3267.482860605733
0.07046939614063773 3052.6627960841192
0.07064243814205991 2578.335180824726
